2
41 41
-1.777778 1.000000 -1.000000 -1.000000 -1.000000
-1.688889 1.000000 -1.000000 -1.000000 -1.000000
-1.600000 1.000000 -1.000000 -1.000000 -1.000000
-1.511111 1.000000 -1.000000 -1.000000 -1.000000
-1.422222 1.000000 -1.000000 -1.000000 -1.000000
-1.333333 1.000000 -1.000000 -1.000000 -1.000000
-1.244444 1.000000 -1.000000 -1.000000 -1.000000
-1.155556 1.000000 -1.000000 -1.000000 -1.000000
-1.066667 1.000000 -1.000000 -1.000000 -1.000000
-0.977778 1.000000 -1.000000 -1.000000 -1.000000
-0.888889 1.000000 -1.000000 -1.000000 -1.000000
-0.800000 1.000000 -1.000000 -1.000000 -1.000000
-0.711111 1.000000 -1.000000 -1.000000 -1.000000
-0.622222 1.000000 -1.000000 -1.000000 -1.000000
-0.533333 1.000000 -1.000000 -1.000000 -1.000000
-0.444444 1.000000 -1.000000 -1.000000 -1.000000
-0.355556 1.000000 -1.000000 -1.000000 -1.000000
-0.266667 1.000000 -1.000000 -1.000000 -1.000000
-0.177778 1.000000 -1.000000 -1.000000 -1.000000
-0.088889 1.000000 -1.000000 -1.000000 -1.000000
0.000000 1.000000 -1.000000 -1.000000 -1.000000
0.088889 1.000000 -1.000000 -1.000000 -1.000000
0.177778 1.000000 -1.000000 -1.000000 -1.000000
0.266667 1.000000 -1.000000 -1.000000 -1.000000
0.355556 1.000000 -1.000000 -1.000000 -1.000000
0.444444 1.000000 -1.000000 -1.000000 -1.000000
0.533333 1.000000 -1.000000 -1.000000 -1.000000
0.622222 1.000000 -1.000000 -1.000000 -1.000000
0.711111 1.000000 -1.000000 -1.000000 -1.000000
0.800000 1.000000 -1.000000 -1.000000 -1.000000
0.888889 1.000000 -1.000000 -1.000000 -1.000000
0.977778 1.000000 -1.000000 -1.000000 -1.000000
1.066667 1.000000 -1.000000 -1.000000 -1.000000
1.155556 1.000000 -1.000000 -1.000000 -1.000000
1.244444 1.000000 -1.000000 -1.000000 -1.000000
1.333333 1.000000 -1.000000 -1.000000 -1.000000
1.422222 1.000000 -1.000000 -1.000000 -1.000000
1.511111 1.000000 -1.000000 -1.000000 -1.000000
1.600000 1.000000 -1.000000 -1.000000 -1.000000
1.688889 1.000000 -1.000000 -1.000000 -1.000000
1.777778 1.000000 -1.000000 -1.000000 -1.000000
-1.777778 0.950000 -1.000000 -1.000000 -1.000000
-1.688889 0.950000 -1.000000 -1.000000 -1.000000
-1.600000 0.950000 -1.000000 -1.000000 -1.000000
-1.511111 0.950000 -1.000000 -1.000000 -1.000000
-1.422222 0.950000 -1.000000 -1.000000 -1.000000
-1.333333 0.950000 -1.000000 -1.000000 -1.000000
-1.244444 0.950000 -1.000000 -1.000000 -1.000000
-1.155556 0.950000 -1.000000 -1.000000 -1.000000
-1.066667 0.950000 -1.000000 -1.000000 -1.000000
-0.977778 0.950000 -1.000000 -1.000000 -1.000000
-0.888889 0.950000 -1.000000 -1.000000 -1.000000
-0.800000 0.950000 -1.000000 -1.000000 -1.000000
-0.711111 0.950000 -1.000000 -1.000000 -1.000000
-0.622222 0.950000 -1.000000 -1.000000 -1.000000
-0.533333 0.950000 -1.000000 -1.000000 -1.000000
-0.444444 0.950000 -1.000000 -1.000000 -1.000000
-0.355556 0.950000 -1.000000 -1.000000 -1.000000
-0.266667 0.950000 -1.000000 -1.000000 -1.000000
-0.177778 0.950000 0.911455 0.892800 0.000000
-0.088889 0.950000 0.960270 0.886280 0.005431
0.000000 0.950000 1.000000 0.884563 0.014885
0.088889 0.950000 0.039730 0.886280 0.005431
0.177778 0.950000 0.088545 0.892800 0.000000
0.266667 0.950000 -1.000000 -1.000000 -1.000000
0.355556 0.950000 -1.000000 -1.000000 -1.000000
0.444444 0.950000 -1.000000 -1.000000 -1.000000
0.533333 0.950000 -1.000000 -1.000000 -1.000000
0.622222 0.950000 -1.000000 -1.000000 -1.000000
0.711111 0.950000 -1.000000 -1.000000 -1.000000
0.800000 0.950000 -1.000000 -1.000000 -1.000000
0.888889 0.950000 -1.000000 -1.000000 -1.000000
0.977778 0.950000 -1.000000 -1.000000 -1.000000
1.066667 0.950000 -1.000000 -1.000000 -1.000000
1.155556 0.950000 -1.000000 -1.000000 -1.000000
1.244444 0.950000 -1.000000 -1.000000 -1.000000
1.333333 0.950000 -1.000000 -1.000000 -1.000000
1.422222 0.950000 -1.000000 -1.000000 -1.000000
1.511111 0.950000 -1.000000 -1.000000 -1.000000
1.600000 0.950000 -1.000000 -1.000000 -1.000000
1.688889 0.950000 -1.000000 -1.000000 -1.000000
1.777778 0.950000 -1.000000 -1.000000 -1.000000
-1.777778 0.900000 -1.000000 -1.000000 -1.000000
-1.688889 0.900000 -1.000000 -1.000000 -1.000000
-1.600000 0.900000 -1.000000 -1.000000 -1.000000
-1.511111 0.900000 -1.000000 -1.000000 -1.000000
-1.422222 0.900000 -1.000000 -1.000000 -1.000000
-1.333333 0.900000 -1.000000 -1.000000 -1.000000
-1.244444 0.900000 -1.000000 -1.000000 -1.000000
-1.155556 0.900000 -1.000000 -1.000000 -1.000000
-1.066667 0.900000 -1.000000 -1.000000 -1.000000
-0.977778 0.900000 -1.000000 -1.000000 -1.000000
-0.888889 0.900000 -1.000000 -1.000000 -1.000000
-0.800000 0.900000 -1.000000 -1.000000 -1.000000
-0.711111 0.900000 -1.000000 -1.000000 -1.000000
-0.622222 0.900000 -1.000000 -1.000000 -1.000000
-0.533333 0.900000 -1.000000 -1.000000 -1.000000
-0.444444 0.900000 -1.000000 -1.000000 -1.000000
-0.355556 0.900000 0.856245 0.853226 0.087771
-0.266667 0.900000 0.908142 0.844017 0.911497
-0.177778 0.900000 0.942852 0.839761 0.967333
-0.088889 0.900000 0.972375 0.837621 0.985374
0.000000 0.900000 1.000000 0.836958 0.989534
0.088889 0.900000 0.027625 0.837621 0.985374
0.177778 0.900000 0.057148 0.839761 0.967333
0.266667 0.900000 0.091858 0.844017 0.911497
0.355556 0.900000 0.143755 0.853226 0.087771
0.444444 0.900000 -1.000000 -1.000000 -1.000000
0.533333 0.900000 -1.000000 -1.000000 -1.000000
0.622222 0.900000 -1.000000 -1.000000 -1.000000
0.711111 0.900000 -1.000000 -1.000000 -1.000000
0.800000 0.900000 -1.000000 -1.000000 -1.000000
0.888889 0.900000 -1.000000 -1.000000 -1.000000
0.977778 0.900000 -1.000000 -1.000000 -1.000000
1.066667 0.900000 -1.000000 -1.000000 -1.000000
1.155556 0.900000 -1.000000 -1.000000 -1.000000
1.244444 0.900000 -1.000000 -1.000000 -1.000000
1.333333 0.900000 -1.000000 -1.000000 -1.000000
1.422222 0.900000 -1.000000 -1.000000 -1.000000
1.511111 0.900000 -1.000000 -1.000000 -1.000000
1.600000 0.900000 -1.000000 -1.000000 -1.000000
1.688889 0.900000 -1.000000 -1.000000 -1.000000
1.777778 0.900000 -1.000000 -1.000000 -1.000000
-1.777778 0.850000 -1.000000 -1.000000 -1.000000
-1.688889 0.850000 -1.000000 -1.000000 -1.000000
-1.600000 0.850000 -1.000000 -1.000000 -1.000000
-1.511111 0.850000 -1.000000 -1.000000 -1.000000
-1.422222 0.850000 -1.000000 -1.000000 -1.000000
-1.333333 0.850000 -1.000000 -1.000000 -1.000000
-1.244444 0.850000 -1.000000 -1.000000 -1.000000
-1.155556 0.850000 -1.000000 -1.000000 -1.000000
-1.066667 0.850000 -1.000000 -1.000000 -1.000000
-0.977778 0.850000 -1.000000 -1.000000 -1.000000
-0.888889 0.850000 -1.000000 -1.000000 -1.000000
-0.800000 0.850000 -1.000000 -1.000000 -1.000000
-0.711111 0.850000 -1.000000 -1.000000 -1.000000
-0.622222 0.850000 -1.000000 -1.000000 -1.000000
-0.533333 0.850000 -1.000000 -1.000000 -1.000000
-0.444444 0.850000 0.851490 0.818581 0.033064
-0.355556 0.850000 0.896035 0.811261 0.932911
-0.266667 0.850000 0.927021 0.807402 1.000000
-0.177778 0.850000 0.953171 0.805108 1.000000
-0.088889 0.850000 0.977059 0.803861 1.000000
0.000000 0.850000 1.000000 0.803463 1.000000
0.088889 0.850000 0.022941 0.803861 1.000000
0.177778 0.850000 0.046829 0.805108 1.000000
0.266667 0.850000 0.072979 0.807402 1.000000
0.355556 0.850000 0.103965 0.811261 0.932911
0.444444 0.850000 0.148510 0.818581 0.033064
0.533333 0.850000 -1.000000 -1.000000 -1.000000
0.622222 0.850000 -1.000000 -1.000000 -1.000000
0.711111 0.850000 -1.000000 -1.000000 -1.000000
0.800000 0.850000 -1.000000 -1.000000 -1.000000
0.888889 0.850000 -1.000000 -1.000000 -1.000000
0.977778 0.850000 -1.000000 -1.000000 -1.000000
1.066667 0.850000 -1.000000 -1.000000 -1.000000
1.155556 0.850000 -1.000000 -1.000000 -1.000000
1.244444 0.850000 -1.000000 -1.000000 -1.000000
1.333333 0.850000 -1.000000 -1.000000 -1.000000
1.422222 0.850000 -1.000000 -1.000000 -1.000000
1.511111 0.850000 -1.000000 -1.000000 -1.000000
1.600000 0.850000 -1.000000 -1.000000 -1.000000
1.688889 0.850000 -1.000000 -1.000000 -1.000000
1.777778 0.850000 -1.000000 -1.000000 -1.000000
-1.777778 0.800000 -1.000000 -1.000000 -1.000000
-1.688889 0.800000 -1.000000 -1.000000 -1.000000
-1.600000 0.800000 -1.000000 -1.000000 -1.000000
-1.511111 0.800000 -1.000000 -1.000000 -1.000000
-1.422222 0.800000 -1.000000 -1.000000 -1.000000
-1.333333 0.800000 -1.000000 -1.000000 -1.000000
-1.244444 0.800000 -1.000000 -1.000000 -1.000000
-1.155556 0.800000 -1.000000 -1.000000 -1.000000
-1.066667 0.800000 -1.000000 -1.000000 -1.000000
-0.977778 0.800000 -1.000000 -1.000000 -1.000000
-0.888889 0.800000 -1.000000 -1.000000 -1.000000
-0.800000 0.800000 -1.000000 -1.000000 -1.000000
-0.711111 0.800000 -1.000000 -1.000000 -1.000000
-0.622222 0.800000 -1.000000 -1.000000 -1.000000
-0.533333 0.800000 0.835936 0.792113 0.000000
-0.444444 0.800000 0.881675 0.784862 0.649943
-0.355556 0.800000 0.911809 0.781061 1.000000
-0.266667 0.800000 0.936658 0.778660 1.000000
-0.177778 0.800000 0.958892 0.777140 1.000000
-0.088889 0.800000 0.979749 0.776289 1.000000
0.000000 0.800000 1.000000 0.776014 1.000000
0.088889 0.800000 0.020251 0.776289 1.000000
0.177778 0.800000 0.041108 0.777140 1.000000
0.266667 0.800000 0.063342 0.778660 1.000000
0.355556 0.800000 0.088191 0.781061 1.000000
0.444444 0.800000 0.118325 0.784862 0.649943
0.533333 0.800000 0.164064 0.792113 0.000000
0.622222 0.800000 -1.000000 -1.000000 -1.000000
0.711111 0.800000 -1.000000 -1.000000 -1.000000
0.800000 0.800000 -1.000000 -1.000000 -1.000000
0.888889 0.800000 -1.000000 -1.000000 -1.000000
0.977778 0.800000 -1.000000 -1.000000 -1.000000
1.066667 0.800000 -1.000000 -1.000000 -1.000000
1.155556 0.800000 -1.000000 -1.000000 -1.000000
1.244444 0.800000 -1.000000 -1.000000 -1.000000
1.333333 0.800000 -1.000000 -1.000000 -1.000000
1.422222 0.800000 -1.000000 -1.000000 -1.000000
1.511111 0.800000 -1.000000 -1.000000 -1.000000
1.600000 0.800000 -1.000000 -1.000000 -1.000000
1.688889 0.800000 -1.000000 -1.000000 -1.000000
1.777778 0.800000 -1.000000 -1.000000 -1.000000
-1.777778 0.750000 -1.000000 -1.000000 -1.000000
-1.688889 0.750000 -1.000000 -1.000000 -1.000000
-1.600000 0.750000 -1.000000 -1.000000 -1.000000
-1.511111 0.750000 -1.000000 -1.000000 -1.000000
-1.422222 0.750000 -1.000000 -1.000000 -1.000000
-1.333333 0.750000 -1.000000 -1.000000 -1.000000
-1.244444 0.750000 -1.000000 -1.000000 -1.000000
-1.155556 0.750000 -1.000000 -1.000000 -1.000000
-1.066667 0.750000 -1.000000 -1.000000 -1.000000
-0.977778 0.750000 -1.000000 -1.000000 -1.000000
-0.888889 0.750000 -1.000000 -1.000000 -1.000000
-0.800000 0.750000 -1.000000 -1.000000 -1.000000
-0.711111 0.750000 -1.000000 -1.000000 -1.000000
-0.622222 0.750000 0.807029 0.771196 0.000000
-0.533333 0.750000 0.865197 0.762172 0.281656
-0.444444 0.750000 0.896438 0.758230 0.938948
-0.355556 0.750000 0.921175 0.755720 1.000000
-0.266667 0.750000 0.942783 0.754033 1.000000
-0.177778 0.750000 0.962648 0.752934 1.000000
-0.088889 0.750000 0.981544 0.752310 1.000000
0.000000 0.750000 1.000000 0.752107 1.000000
0.088889 0.750000 0.018456 0.752310 1.000000
0.177778 0.750000 0.037352 0.752934 1.000000
0.266667 0.750000 0.057217 0.754033 1.000000
0.355556 0.750000 0.078825 0.755720 1.000000
0.444444 0.750000 0.103562 0.758230 0.938948
0.533333 0.750000 0.134803 0.762172 0.281656
0.622222 0.750000 0.192971 0.771196 0.000000
0.711111 0.750000 -1.000000 -1.000000 -1.000000
0.800000 0.750000 -1.000000 -1.000000 -1.000000
0.888889 0.750000 -1.000000 -1.000000 -1.000000
0.977778 0.750000 -1.000000 -1.000000 -1.000000
1.066667 0.750000 -1.000000 -1.000000 -1.000000
1.155556 0.750000 -1.000000 -1.000000 -1.000000
1.244444 0.750000 -1.000000 -1.000000 -1.000000
1.333333 0.750000 -1.000000 -1.000000 -1.000000
1.422222 0.750000 -1.000000 -1.000000 -1.000000
1.511111 0.750000 -1.000000 -1.000000 -1.000000
1.600000 0.750000 -1.000000 -1.000000 -1.000000
1.688889 0.750000 -1.000000 -1.000000 -1.000000
1.777778 0.750000 -1.000000 -1.000000 -1.000000
-1.777778 0.700000 -1.000000 -1.000000 -1.000000
-1.688889 0.700000 -1.000000 -1.000000 -1.000000
-1.600000 0.700000 -1.000000 -1.000000 -1.000000
-1.511111 0.700000 -1.000000 -1.000000 -1.000000
-1.422222 0.700000 -1.000000 -1.000000 -1.000000
-1.333333 0.700000 -1.000000 -1.000000 -1.000000
-1.244444 0.700000 -1.000000 -1.000000 -1.000000
-1.155556 0.700000 -1.000000 -1.000000 -1.000000
-1.066667 0.700000 -1.000000 -1.000000 -1.000000
-0.977778 0.700000 -1.000000 -1.000000 -1.000000
-0.888889 0.700000 -1.000000 -1.000000 -1.000000
-0.800000 0.700000 -1.000000 -1.000000 -1.000000
-0.711111 0.700000 -1.000000 -1.000000 -1.000000
-0.622222 0.700000 0.845230 0.742103 0.000000
-0.533333 0.700000 0.880155 0.737750 0.616127
-0.444444 0.700000 0.905840 0.735098 1.000000
-0.355556 0.700000 0.927559 0.733288 1.000000
-0.266667 0.700000 0.947096 0.732034 1.000000
-0.177778 0.700000 0.965340 0.731202 1.000000
-0.088889 0.700000 0.982841 0.730726 1.000000
0.000000 0.700000 1.000000 0.730570 1.000000
0.088889 0.700000 0.017159 0.730726 1.000000
0.177778 0.700000 0.034660 0.731202 1.000000
0.266667 0.700000 0.052904 0.732034 1.000000
0.355556 0.700000 0.072441 0.733288 1.000000
0.444444 0.700000 0.094160 0.735098 1.000000
0.533333 0.700000 0.119845 0.737750 0.616127
0.622222 0.700000 0.154770 0.742103 0.000000
0.711111 0.700000 -1.000000 -1.000000 -1.000000
0.800000 0.700000 -1.000000 -1.000000 -1.000000
0.888889 0.700000 -1.000000 -1.000000 -1.000000
0.977778 0.700000 -1.000000 -1.000000 -1.000000
1.066667 0.700000 -1.000000 -1.000000 -1.000000
1.155556 0.700000 -1.000000 -1.000000 -1.000000
1.244444 0.700000 -1.000000 -1.000000 -1.000000
1.333333 0.700000 -1.000000 -1.000000 -1.000000
1.422222 0.700000 -1.000000 -1.000000 -1.000000
1.511111 0.700000 -1.000000 -1.000000 -1.000000
1.600000 0.700000 -1.000000 -1.000000 -1.000000
1.688889 0.700000 -1.000000 -1.000000 -1.000000
1.777778 0.700000 -1.000000 -1.000000 -1.000000
-1.777778 0.650000 -1.000000 -1.000000 -1.000000
-1.688889 0.650000 -1.000000 -1.000000 -1.000000
-1.600000 0.650000 -1.000000 -1.000000 -1.000000
-1.511111 0.650000 -1.000000 -1.000000 -1.000000
-1.422222 0.650000 -1.000000 -1.000000 -1.000000
-1.333333 0.650000 -1.000000 -1.000000 -1.000000
-1.244444 0.650000 -1.000000 -1.000000 -1.000000
-1.155556 0.650000 -1.000000 -1.000000 -1.000000
-1.066667 0.650000 -1.000000 -1.000000 -1.000000
-0.977778 0.650000 -1.000000 -1.000000 -1.000000
-0.888889 0.650000 -1.000000 -1.000000 -1.000000
-0.800000 0.650000 -1.000000 -1.000000 -1.000000
-0.711111 0.650000 0.816366 0.724560 0.000000
-0.622222 0.650000 0.861895 0.719004 0.212145
-0.533333 0.650000 0.889938 0.716129 0.824712
-0.444444 0.650000 0.912496 0.714205 1.000000
-0.355556 0.650000 0.932241 0.712843 1.000000
-0.266667 0.650000 0.950320 0.711880 1.000000
-0.177778 0.650000 0.967375 0.711236 1.000000
-0.088889 0.650000 0.983827 0.710864 1.000000
0.000000 0.650000 1.000000 0.710742 1.000000
0.088889 0.650000 0.016173 0.710864 1.000000
0.177778 0.650000 0.032625 0.711236 1.000000
0.266667 0.650000 0.049680 0.711880 1.000000
0.355556 0.650000 0.067759 0.712843 1.000000
0.444444 0.650000 0.087504 0.714205 1.000000
0.533333 0.650000 0.110062 0.716129 0.824712
0.622222 0.650000 0.138105 0.719004 0.212145
0.711111 0.650000 0.183634 0.724560 0.000000
0.800000 0.650000 -1.000000 -1.000000 -1.000000
0.888889 0.650000 -1.000000 -1.000000 -1.000000
0.977778 0.650000 -1.000000 -1.000000 -1.000000
1.066667 0.650000 -1.000000 -1.000000 -1.000000
1.155556 0.650000 -1.000000 -1.000000 -1.000000
1.244444 0.650000 -1.000000 -1.000000 -1.000000
1.333333 0.650000 -1.000000 -1.000000 -1.000000
1.422222 0.650000 -1.000000 -1.000000 -1.000000
1.511111 0.650000 -1.000000 -1.000000 -1.000000
1.600000 0.650000 -1.000000 -1.000000 -1.000000
1.688889 0.650000 -1.000000 -1.000000 -1.000000
1.777778 0.650000 -1.000000 -1.000000 -1.000000
-1.777778 0.600000 -1.000000 -1.000000 -1.000000
-1.688889 0.600000 -1.000000 -1.000000 -1.000000
-1.600000 0.600000 -1.000000 -1.000000 -1.000000
-1.511111 0.600000 -1.000000 -1.000000 -1.000000
-1.422222 0.600000 -1.000000 -1.000000 -1.000000
-1.333333 0.600000 -1.000000 -1.000000 -1.000000
-1.244444 0.600000 -1.000000 -1.000000 -1.000000
-1.155556 0.600000 -1.000000 -1.000000 -1.000000
-1.066667 0.600000 -1.000000 -1.000000 -1.000000
-0.977778 0.600000 -1.000000 -1.000000 -1.000000
-0.888889 0.600000 -1.000000 -1.000000 -1.000000
-0.800000 0.600000 -1.000000 -1.000000 -1.000000
-0.711111 0.600000 0.839400 0.701716 0.000000
-0.622222 0.600000 0.872612 0.698404 0.446029
-0.533333 0.600000 0.896980 0.696344 0.946800
-0.444444 0.600000 0.917493 0.694898 1.000000
-0.355556 0.600000 0.935832 0.693850 1.000000
-0.266667 0.600000 0.952825 0.693101 1.000000
-0.177778 0.600000 0.968967 0.692595 1.000000
-0.088889 0.600000 0.984602 0.692302 1.000000
0.000000 0.600000 1.000000 0.692206 1.000000
0.088889 0.600000 0.015398 0.692302 1.000000
0.177778 0.600000 0.031033 0.692595 1.000000
0.266667 0.600000 0.047175 0.693101 1.000000
0.355556 0.600000 0.064168 0.693850 1.000000
0.444444 0.600000 0.082507 0.694898 1.000000
0.533333 0.600000 0.103020 0.696344 0.946800
0.622222 0.600000 0.127388 0.698404 0.446029
0.711111 0.600000 0.160600 0.701716 0.000000
0.800000 0.600000 -1.000000 -1.000000 -1.000000
0.888889 0.600000 -1.000000 -1.000000 -1.000000
0.977778 0.600000 -1.000000 -1.000000 -1.000000
1.066667 0.600000 -1.000000 -1.000000 -1.000000
1.155556 0.600000 -1.000000 -1.000000 -1.000000
1.244444 0.600000 -1.000000 -1.000000 -1.000000
1.333333 0.600000 -1.000000 -1.000000 -1.000000
1.422222 0.600000 -1.000000 -1.000000 -1.000000
1.511111 0.600000 -1.000000 -1.000000 -1.000000
1.600000 0.600000 -1.000000 -1.000000 -1.000000
1.688889 0.600000 -1.000000 -1.000000 -1.000000
1.777778 0.600000 -1.000000 -1.000000 -1.000000
-1.777778 0.550000 -1.000000 -1.000000 -1.000000
-1.688889 0.550000 -1.000000 -1.000000 -1.000000
-1.600000 0.550000 -1.000000 -1.000000 -1.000000
-1.511111 0.550000 -1.000000 -1.000000 -1.000000
-1.422222 0.550000 -1.000000 -1.000000 -1.000000
-1.333333 0.550000 -1.000000 -1.000000 -1.000000
-1.244444 0.550000 -1.000000 -1.000000 -1.000000
-1.155556 0.550000 -1.000000 -1.000000 -1.000000
-1.066667 0.550000 -1.000000 -1.000000 -1.000000
-0.977778 0.550000 -1.000000 -1.000000 -1.000000
-0.888889 0.550000 -1.000000 -1.000000 -1.000000
-0.800000 0.550000 0.802138 0.686492 0.000000
-0.711111 0.550000 0.852379 0.681680 0.044382
-0.622222 0.550000 0.880296 0.679407 0.619292
-0.533333 0.550000 0.902325 0.677881 0.999065
-0.444444 0.550000 0.921385 0.676778 1.000000
-0.355556 0.550000 0.938671 0.675967 1.000000
-0.266667 0.550000 0.954822 0.675382 1.000000
-0.177778 0.550000 0.970243 0.674985 1.000000
-0.088889 0.550000 0.985225 0.674754 1.000000
0.000000 0.550000 1.000000 0.674678 1.000000
0.088889 0.550000 0.014775 0.674754 1.000000
0.177778 0.550000 0.029757 0.674985 1.000000
0.266667 0.550000 0.045178 0.675382 1.000000
0.355556 0.550000 0.061329 0.675967 1.000000
0.444444 0.550000 0.078615 0.676778 1.000000
0.533333 0.550000 0.097675 0.677881 0.999065
0.622222 0.550000 0.119704 0.679407 0.619292
0.711111 0.550000 0.147621 0.681680 0.044382
0.800000 0.550000 0.197862 0.686492 0.000000
0.888889 0.550000 -1.000000 -1.000000 -1.000000
0.977778 0.550000 -1.000000 -1.000000 -1.000000
1.066667 0.550000 -1.000000 -1.000000 -1.000000
1.155556 0.550000 -1.000000 -1.000000 -1.000000
1.244444 0.550000 -1.000000 -1.000000 -1.000000
1.333333 0.550000 -1.000000 -1.000000 -1.000000
1.422222 0.550000 -1.000000 -1.000000 -1.000000
1.511111 0.550000 -1.000000 -1.000000 -1.000000
1.600000 0.550000 -1.000000 -1.000000 -1.000000
1.688889 0.550000 -1.000000 -1.000000 -1.000000
1.777778 0.550000 -1.000000 -1.000000 -1.000000
-1.777778 0.500000 -1.000000 -1.000000 -1.000000
-1.688889 0.500000 -1.000000 -1.000000 -1.000000
-1.600000 0.500000 -1.000000 -1.000000 -1.000000
-1.511111 0.500000 -1.000000 -1.000000 -1.000000
-1.422222 0.500000 -1.000000 -1.000000 -1.000000
-1.333333 0.500000 -1.000000 -1.000000 -1.000000
-1.244444 0.500000 -1.000000 -1.000000 -1.000000
-1.155556 0.500000 -1.000000 -1.000000 -1.000000
-1.066667 0.500000 -1.000000 -1.000000 -1.000000
-0.977778 0.500000 -1.000000 -1.000000 -1.000000
-0.888889 0.500000 -1.000000 -1.000000 -1.000000
-0.800000 0.500000 0.825089 0.665950 0.000000
-0.711111 0.500000 0.861304 0.663188 0.200106
-0.622222 0.500000 0.886118 0.661561 0.746411
-0.533333 0.500000 0.906516 0.660421 1.000000
-0.444444 0.500000 0.924491 0.659581 1.000000
-0.355556 0.500000 0.940959 0.658956 1.000000
-0.266667 0.500000 0.956442 0.658502 1.000000
-0.177778 0.500000 0.971283 0.658193 1.000000
-0.088889 0.500000 0.985734 0.658013 1.000000
0.000000 0.500000 1.000000 0.657953 1.000000
0.088889 0.500000 0.014266 0.658013 1.000000
0.177778 0.500000 0.028717 0.658193 1.000000
0.266667 0.500000 0.043558 0.658502 1.000000
0.355556 0.500000 0.059041 0.658956 1.000000
0.444444 0.500000 0.075509 0.659581 1.000000
0.533333 0.500000 0.093484 0.660421 1.000000
0.622222 0.500000 0.113882 0.661561 0.746411
0.711111 0.500000 0.138696 0.663188 0.200106
0.800000 0.500000 0.174911 0.665950 0.000000
0.888889 0.500000 -1.000000 -1.000000 -1.000000
0.977778 0.500000 -1.000000 -1.000000 -1.000000
1.066667 0.500000 -1.000000 -1.000000 -1.000000
1.155556 0.500000 -1.000000 -1.000000 -1.000000
1.244444 0.500000 -1.000000 -1.000000 -1.000000
1.333333 0.500000 -1.000000 -1.000000 -1.000000
1.422222 0.500000 -1.000000 -1.000000 -1.000000
1.511111 0.500000 -1.000000 -1.000000 -1.000000
1.600000 0.500000 -1.000000 -1.000000 -1.000000
1.688889 0.500000 -1.000000 -1.000000 -1.000000
1.777778 0.500000 -1.000000 -1.000000 -1.000000
-1.777778 0.450000 -1.000000 -1.000000 -1.000000
-1.688889 0.450000 -1.000000 -1.000000 -1.000000
-1.600000 0.450000 -1.000000 -1.000000 -1.000000
-1.511111 0.450000 -1.000000 -1.000000 -1.000000
-1.422222 0.450000 -1.000000 -1.000000 -1.000000
-1.333333 0.450000 -1.000000 -1.000000 -1.000000
-1.244444 0.450000 -1.000000 -1.000000 -1.000000
-1.155556 0.450000 -1.000000 -1.000000 -1.000000
-1.066667 0.450000 -1.000000 -1.000000 -1.000000
-0.977778 0.450000 -1.000000 -1.000000 -1.000000
-0.888889 0.450000 -1.000000 -1.000000 -1.000000
-0.800000 0.450000 0.837374 0.647577 0.000000
-0.711111 0.450000 0.867921 0.645757 0.341115
-0.622222 0.450000 0.890671 0.644587 0.839016
-0.533333 0.450000 0.909869 0.643744 1.000000
-0.444444 0.450000 0.927007 0.643114 1.000000
-0.355556 0.450000 0.942828 0.642642 1.000000
-0.266667 0.450000 0.957772 0.642297 1.000000
-0.177778 0.450000 0.972139 0.642061 1.000000
-0.088889 0.450000 0.986154 0.641924 1.000000
0.000000 0.450000 1.000000 0.641879 1.000000
0.088889 0.450000 0.013846 0.641924 1.000000
0.177778 0.450000 0.027861 0.642061 1.000000
0.266667 0.450000 0.042228 0.642297 1.000000
0.355556 0.450000 0.057172 0.642642 1.000000
0.444444 0.450000 0.072993 0.643114 1.000000
0.533333 0.450000 0.090131 0.643744 1.000000
0.622222 0.450000 0.109329 0.644587 0.839016
0.711111 0.450000 0.132079 0.645757 0.341115
0.800000 0.450000 0.162626 0.647577 0.000000
0.888889 0.450000 -1.000000 -1.000000 -1.000000
0.977778 0.450000 -1.000000 -1.000000 -1.000000
1.066667 0.450000 -1.000000 -1.000000 -1.000000
1.155556 0.450000 -1.000000 -1.000000 -1.000000
1.244444 0.450000 -1.000000 -1.000000 -1.000000
1.333333 0.450000 -1.000000 -1.000000 -1.000000
1.422222 0.450000 -1.000000 -1.000000 -1.000000
1.511111 0.450000 -1.000000 -1.000000 -1.000000
1.600000 0.450000 -1.000000 -1.000000 -1.000000
1.688889 0.450000 -1.000000 -1.000000 -1.000000
1.777778 0.450000 -1.000000 -1.000000 -1.000000
-1.777778 0.400000 -1.000000 -1.000000 -1.000000
-1.688889 0.400000 -1.000000 -1.000000 -1.000000
-1.600000 0.400000 -1.000000 -1.000000 -1.000000
-1.511111 0.400000 -1.000000 -1.000000 -1.000000
-1.422222 0.400000 -1.000000 -1.000000 -1.000000
-1.333333 0.400000 -1.000000 -1.000000 -1.000000
-1.244444 0.400000 -1.000000 -1.000000 -1.000000
-1.155556 0.400000 -1.000000 -1.000000 -1.000000
-1.066667 0.400000 -1.000000 -1.000000 -1.000000
-0.977778 0.400000 -1.000000 -1.000000 -1.000000
-0.888889 0.400000 0.792624 0.633087 0.000000
-0.800000 0.400000 0.845755 0.630327 0.000000
-0.711111 0.400000 0.873019 0.629112 0.455215
-0.622222 0.400000 0.894300 0.628292 0.905025
-0.533333 0.400000 0.912586 0.627689 1.000000
-0.444444 0.400000 0.929066 0.627234 1.000000
-0.355556 0.400000 0.944366 0.626891 1.000000
-0.266667 0.400000 0.958871 0.626640 1.000000
-0.177778 0.400000 0.972848 0.626468 1.000000
-0.088889 0.400000 0.986502 0.626367 1.000000
0.000000 0.400000 1.000000 0.626334 1.000000
0.088889 0.400000 0.013498 0.626367 1.000000
0.177778 0.400000 0.027152 0.626468 1.000000
0.266667 0.400000 0.041129 0.626640 1.000000
0.355556 0.400000 0.055634 0.626891 1.000000
0.444444 0.400000 0.070934 0.627234 1.000000
0.533333 0.400000 0.087414 0.627689 1.000000
0.622222 0.400000 0.105700 0.628292 0.905025
0.711111 0.400000 0.126981 0.629112 0.455215
0.800000 0.400000 0.154245 0.630327 0.000000
0.888889 0.400000 0.207376 0.633087 0.000000
0.977778 0.400000 -1.000000 -1.000000 -1.000000
1.066667 0.400000 -1.000000 -1.000000 -1.000000
1.155556 0.400000 -1.000000 -1.000000 -1.000000
1.244444 0.400000 -1.000000 -1.000000 -1.000000
1.333333 0.400000 -1.000000 -1.000000 -1.000000
1.422222 0.400000 -1.000000 -1.000000 -1.000000
1.511111 0.400000 -1.000000 -1.000000 -1.000000
1.600000 0.400000 -1.000000 -1.000000 -1.000000
1.688889 0.400000 -1.000000 -1.000000 -1.000000
1.777778 0.400000 -1.000000 -1.000000 -1.000000
-1.777778 0.350000 -1.000000 -1.000000 -1.000000
-1.688889 0.350000 -1.000000 -1.000000 -1.000000
-1.600000 0.350000 -1.000000 -1.000000 -1.000000
-1.511111 0.350000 -1.000000 -1.000000 -1.000000
-1.422222 0.350000 -1.000000 -1.000000 -1.000000
-1.333333 0.350000 -1.000000 -1.000000 -1.000000
-1.244444 0.350000 -1.000000 -1.000000 -1.000000
-1.155556 0.350000 -1.000000 -1.000000 -1.000000
-1.066667 0.350000 -1.000000 -1.000000 -1.000000
-0.977778 0.350000 -1.000000 -1.000000 -1.000000
-0.888889 0.350000 0.812205 0.615249 0.000000
-0.800000 0.350000 0.851924 0.613842 0.038447
-0.711111 0.350000 0.877029 0.613071 0.545865
-0.622222 0.350000 0.897223 0.612534 0.950203
-0.533333 0.350000 0.914802 0.612134 1.000000
-0.444444 0.350000 0.930757 0.611829 1.000000
-0.355556 0.350000 0.945635 0.611599 1.000000
-0.266667 0.350000 0.959781 0.611429 1.000000
-0.177778 0.350000 0.973437 0.611313 1.000000
-0.088889 0.350000 0.986791 0.611245 1.000000
0.000000 0.350000 1.000000 0.611222 1.000000
0.088889 0.350000 0.013209 0.611245 1.000000
0.177778 0.350000 0.026563 0.611313 1.000000
0.266667 0.350000 0.040219 0.611429 1.000000
0.355556 0.350000 0.054365 0.611599 1.000000
0.444444 0.350000 0.069243 0.611829 1.000000
0.533333 0.350000 0.085198 0.612134 1.000000
0.622222 0.350000 0.102777 0.612534 0.950203
0.711111 0.350000 0.122971 0.613071 0.545865
0.800000 0.350000 0.148076 0.613842 0.038447
0.888889 0.350000 0.187795 0.615249 0.000000
0.977778 0.350000 -1.000000 -1.000000 -1.000000
1.066667 0.350000 -1.000000 -1.000000 -1.000000
1.155556 0.350000 -1.000000 -1.000000 -1.000000
1.244444 0.350000 -1.000000 -1.000000 -1.000000
1.333333 0.350000 -1.000000 -1.000000 -1.000000
1.422222 0.350000 -1.000000 -1.000000 -1.000000
1.511111 0.350000 -1.000000 -1.000000 -1.000000
1.600000 0.350000 -1.000000 -1.000000 -1.000000
1.688889 0.350000 -1.000000 -1.000000 -1.000000
1.777778 0.350000 -1.000000 -1.000000 -1.000000
-1.777778 0.300000 -1.000000 -1.000000 -1.000000
-1.688889 0.300000 -1.000000 -1.000000 -1.000000
-1.600000 0.300000 -1.000000 -1.000000 -1.000000
-1.511111 0.300000 -1.000000 -1.000000 -1.000000
-1.422222 0.300000 -1.000000 -1.000000 -1.000000
-1.333333 0.300000 -1.000000 -1.000000 -1.000000
-1.244444 0.300000 -1.000000 -1.000000 -1.000000
-1.155556 0.300000 -1.000000 -1.000000 -1.000000
-1.066667 0.300000 -1.000000 -1.000000 -1.000000
-0.977778 0.300000 -1.000000 -1.000000 -1.000000
-0.888889 0.300000 0.822298 0.598618 0.000000
-0.800000 0.300000 0.856617 0.597920 0.110784
-0.711111 0.300000 0.880212 0.597502 0.617396
-0.622222 0.300000 0.899584 0.597204 0.979016
-0.533333 0.300000 0.916607 0.596980 1.000000
-0.444444 0.300000 0.932144 0.596808 1.000000
-0.355556 0.300000 0.946680 0.596678 1.000000
-0.266667 0.300000 0.960531 0.596582 1.000000
-0.177778 0.300000 0.973923 0.596516 1.000000
-0.088889 0.300000 0.987030 0.596477 1.000000
0.000000 0.300000 1.000000 0.596465 1.000000
0.088889 0.300000 0.012970 0.596477 1.000000
0.177778 0.300000 0.026077 0.596516 1.000000
0.266667 0.300000 0.039469 0.596582 1.000000
0.355556 0.300000 0.053320 0.596678 1.000000
0.444444 0.300000 0.067856 0.596808 1.000000
0.533333 0.300000 0.083393 0.596980 1.000000
0.622222 0.300000 0.100416 0.597204 0.979016
0.711111 0.300000 0.119788 0.597502 0.617396
0.800000 0.300000 0.143383 0.597920 0.110784
0.888889 0.300000 0.177702 0.598618 0.000000
0.977778 0.300000 -1.000000 -1.000000 -1.000000
1.066667 0.300000 -1.000000 -1.000000 -1.000000
1.155556 0.300000 -1.000000 -1.000000 -1.000000
1.244444 0.300000 -1.000000 -1.000000 -1.000000
1.333333 0.300000 -1.000000 -1.000000 -1.000000
1.422222 0.300000 -1.000000 -1.000000 -1.000000
1.511111 0.300000 -1.000000 -1.000000 -1.000000
1.600000 0.300000 -1.000000 -1.000000 -1.000000
1.688889 0.300000 -1.000000 -1.000000 -1.000000
1.777778 0.300000 -1.000000 -1.000000 -1.000000
-1.777778 0.250000 -1.000000 -1.000000 -1.000000
-1.688889 0.250000 -1.000000 -1.000000 -1.000000
-1.600000 0.250000 -1.000000 -1.000000 -1.000000
-1.511111 0.250000 -1.000000 -1.000000 -1.000000
-1.422222 0.250000 -1.000000 -1.000000 -1.000000
-1.333333 0.250000 -1.000000 -1.000000 -1.000000
-1.244444 0.250000 -1.000000 -1.000000 -1.000000
-1.155556 0.250000 -1.000000 -1.000000 -1.000000
-1.066667 0.250000 -1.000000 -1.000000 -1.000000
-0.977778 0.250000 -1.000000 -1.000000 -1.000000
-0.888889 0.250000 0.829030 0.582612 0.000000
-0.800000 0.250000 0.860232 0.582420 0.178636
-0.711111 0.250000 0.882735 0.582300 0.673334
-0.622222 0.250000 0.901480 0.582212 0.994970
-0.533333 0.250000 0.918069 0.582146 1.000000
-0.444444 0.250000 0.933271 0.582095 1.000000
-0.355556 0.250000 0.947533 0.582057 1.000000
-0.266667 0.250000 0.961145 0.582028 1.000000
-0.177778 0.250000 0.974321 0.582008 1.000000
-0.088889 0.250000 0.987226 0.581997 1.000000
0.000000 0.250000 1.000000 0.581993 1.000000
0.088889 0.250000 0.012774 0.581997 1.000000
0.177778 0.250000 0.025679 0.582008 1.000000
0.266667 0.250000 0.038855 0.582028 1.000000
0.355556 0.250000 0.052467 0.582057 1.000000
0.444444 0.250000 0.066729 0.582095 1.000000
0.533333 0.250000 0.081931 0.582146 1.000000
0.622222 0.250000 0.098520 0.582212 0.994970
0.711111 0.250000 0.117265 0.582300 0.673334
0.800000 0.250000 0.139768 0.582420 0.178636
0.888889 0.250000 0.170970 0.582612 0.000000
0.977778 0.250000 -1.000000 -1.000000 -1.000000
1.066667 0.250000 -1.000000 -1.000000 -1.000000
1.155556 0.250000 -1.000000 -1.000000 -1.000000
1.244444 0.250000 -1.000000 -1.000000 -1.000000
1.333333 0.250000 -1.000000 -1.000000 -1.000000
1.422222 0.250000 -1.000000 -1.000000 -1.000000
1.511111 0.250000 -1.000000 -1.000000 -1.000000
1.600000 0.250000 -1.000000 -1.000000 -1.000000
1.688889 0.250000 -1.000000 -1.000000 -1.000000
1.777778 0.250000 -1.000000 -1.000000 -1.000000
-1.777778 0.200000 -1.000000 -1.000000 -1.000000
-1.688889 0.200000 -1.000000 -1.000000 -1.000000
-1.600000 0.200000 -1.000000 -1.000000 -1.000000
-1.511111 0.200000 -1.000000 -1.000000 -1.000000
-1.422222 0.200000 -1.000000 -1.000000 -1.000000
-1.333333 0.200000 -1.000000 -1.000000 -1.000000
-1.244444 0.200000 -1.000000 -1.000000 -1.000000
-1.155556 0.200000 -1.000000 -1.000000 -1.000000
-1.066667 0.200000 -1.000000 -1.000000 -1.000000
-0.977778 0.200000 -1.000000 -1.000000 -1.000000
-0.888889 0.200000 0.833800 0.567020 0.000000
-0.800000 0.200000 0.863005 0.567239 0.235128
-0.711111 0.200000 0.884713 0.567381 0.716387
-0.622222 0.200000 0.902981 0.567485 1.000000
-0.533333 0.200000 0.919234 0.567564 1.000000
-0.444444 0.200000 0.934174 0.567625 1.000000
-0.355556 0.200000 0.948217 0.567672 1.000000
-0.266667 0.200000 0.961639 0.567706 1.000000
-0.177778 0.200000 0.974642 0.567730 1.000000
-0.088889 0.200000 0.987384 0.567744 1.000000
0.000000 0.200000 1.000000 0.567749 1.000000
0.088889 0.200000 0.012616 0.567744 1.000000
0.177778 0.200000 0.025358 0.567730 1.000000
0.266667 0.200000 0.038361 0.567706 1.000000
0.355556 0.200000 0.051783 0.567672 1.000000
0.444444 0.200000 0.065826 0.567625 1.000000
0.533333 0.200000 0.080766 0.567564 1.000000
0.622222 0.200000 0.097019 0.567485 1.000000
0.711111 0.200000 0.115287 0.567381 0.716387
0.800000 0.200000 0.136995 0.567239 0.235128
0.888889 0.200000 0.166200 0.567020 0.000000
0.977778 0.200000 -1.000000 -1.000000 -1.000000
1.066667 0.200000 -1.000000 -1.000000 -1.000000
1.155556 0.200000 -1.000000 -1.000000 -1.000000
1.244444 0.200000 -1.000000 -1.000000 -1.000000
1.333333 0.200000 -1.000000 -1.000000 -1.000000
1.422222 0.200000 -1.000000 -1.000000 -1.000000
1.511111 0.200000 -1.000000 -1.000000 -1.000000
1.600000 0.200000 -1.000000 -1.000000 -1.000000
1.688889 0.200000 -1.000000 -1.000000 -1.000000
1.777778 0.200000 -1.000000 -1.000000 -1.000000
-1.777778 0.150000 -1.000000 -1.000000 -1.000000
-1.688889 0.150000 -1.000000 -1.000000 -1.000000
-1.600000 0.150000 -1.000000 -1.000000 -1.000000
-1.511111 0.150000 -1.000000 -1.000000 -1.000000
-1.422222 0.150000 -1.000000 -1.000000 -1.000000
-1.333333 0.150000 -1.000000 -1.000000 -1.000000
-1.244444 0.150000 -1.000000 -1.000000 -1.000000
-1.155556 0.150000 -1.000000 -1.000000 -1.000000
-1.066667 0.150000 -1.000000 -1.000000 -1.000000
-0.977778 0.150000 -1.000000 -1.000000 -1.000000
-0.888889 0.150000 0.837199 0.551712 0.000000
-0.800000 0.150000 0.865085 0.552290 0.279260
-0.711111 0.150000 0.886221 0.552674 0.748610
-0.622222 0.150000 0.904138 0.552957 1.000000
-0.533333 0.150000 0.920136 0.553173 1.000000
-0.444444 0.150000 0.934876 0.553341 1.000000
-0.355556 0.150000 0.948751 0.553468 1.000000
-0.266667 0.150000 0.962025 0.553563 1.000000
-0.177778 0.150000 0.974893 0.553628 1.000000
-0.088889 0.150000 0.987507 0.553667 1.000000
0.000000 0.150000 1.000000 0.553679 1.000000
0.088889 0.150000 0.012493 0.553667 1.000000
0.177778 0.150000 0.025107 0.553628 1.000000
0.266667 0.150000 0.037975 0.553563 1.000000
0.355556 0.150000 0.051249 0.553468 1.000000
0.444444 0.150000 0.065124 0.553341 1.000000
0.533333 0.150000 0.079864 0.553173 1.000000
0.622222 0.150000 0.095862 0.552957 1.000000
0.711111 0.150000 0.113779 0.552674 0.748610
0.800000 0.150000 0.134915 0.552290 0.279260
0.888889 0.150000 0.162801 0.551712 0.000000
0.977778 0.150000 -1.000000 -1.000000 -1.000000
1.066667 0.150000 -1.000000 -1.000000 -1.000000
1.155556 0.150000 -1.000000 -1.000000 -1.000000
1.244444 0.150000 -1.000000 -1.000000 -1.000000
1.333333 0.150000 -1.000000 -1.000000 -1.000000
1.422222 0.150000 -1.000000 -1.000000 -1.000000
1.511111 0.150000 -1.000000 -1.000000 -1.000000
1.600000 0.150000 -1.000000 -1.000000 -1.000000
1.688889 0.150000 -1.000000 -1.000000 -1.000000
1.777778 0.150000 -1.000000 -1.000000 -1.000000
-1.777778 0.100000 -1.000000 -1.000000 -1.000000
-1.688889 0.100000 -1.000000 -1.000000 -1.000000
-1.600000 0.100000 -1.000000 -1.000000 -1.000000
-1.511111 0.100000 -1.000000 -1.000000 -1.000000
-1.422222 0.100000 -1.000000 -1.000000 -1.000000
-1.333333 0.100000 -1.000000 -1.000000 -1.000000
-1.244444 0.100000 -1.000000 -1.000000 -1.000000
-1.155556 0.100000 -1.000000 -1.000000 -1.000000
-1.066667 0.100000 -1.000000 -1.000000 -1.000000
-0.977778 0.100000 -1.000000 -1.000000 -1.000000
-0.888889 0.100000 0.839533 0.536588 0.000000
-0.800000 0.100000 0.866569 0.537502 0.311430
-0.711111 0.100000 0.887315 0.538116 0.771536
-0.622222 0.100000 0.904983 0.538571 1.000000
-0.533333 0.100000 0.920800 0.538920 1.000000
-0.444444 0.100000 0.935394 0.539190 1.000000
-0.355556 0.100000 0.949147 0.539396 1.000000
-0.266667 0.100000 0.962312 0.539550 1.000000
-0.177778 0.100000 0.975080 0.539655 1.000000
-0.088889 0.100000 0.987600 0.539717 1.000000
0.000000 0.100000 1.000000 0.539738 1.000000
0.088889 0.100000 0.012400 0.539717 1.000000
0.177778 0.100000 0.024920 0.539655 1.000000
0.266667 0.100000 0.037688 0.539550 1.000000
0.355556 0.100000 0.050853 0.539396 1.000000
0.444444 0.100000 0.064606 0.539190 1.000000
0.533333 0.100000 0.079200 0.538920 1.000000
0.622222 0.100000 0.095017 0.538571 1.000000
0.711111 0.100000 0.112685 0.538116 0.771536
0.800000 0.100000 0.133431 0.537502 0.311430
0.888889 0.100000 0.160467 0.536588 0.000000
0.977778 0.100000 -1.000000 -1.000000 -1.000000
1.066667 0.100000 -1.000000 -1.000000 -1.000000
1.155556 0.100000 -1.000000 -1.000000 -1.000000
1.244444 0.100000 -1.000000 -1.000000 -1.000000
1.333333 0.100000 -1.000000 -1.000000 -1.000000
1.422222 0.100000 -1.000000 -1.000000 -1.000000
1.511111 0.100000 -1.000000 -1.000000 -1.000000
1.600000 0.100000 -1.000000 -1.000000 -1.000000
1.688889 0.100000 -1.000000 -1.000000 -1.000000
1.777778 0.100000 -1.000000 -1.000000 -1.000000
-1.777778 0.050000 -1.000000 -1.000000 -1.000000
-1.688889 0.050000 -1.000000 -1.000000 -1.000000
-1.600000 0.050000 -1.000000 -1.000000 -1.000000
-1.511111 0.050000 -1.000000 -1.000000 -1.000000
-1.422222 0.050000 -1.000000 -1.000000 -1.000000
-1.333333 0.050000 -1.000000 -1.000000 -1.000000
-1.244444 0.050000 -1.000000 -1.000000 -1.000000
-1.155556 0.050000 -1.000000 -1.000000 -1.000000
-1.066667 0.050000 -1.000000 -1.000000 -1.000000
-0.977778 0.050000 0.781007 0.518297 0.000000
-0.888889 0.050000 0.840971 0.521565 0.000000
-0.800000 0.050000 0.867518 0.522808 0.332242
-0.711111 0.050000 0.888027 0.523649 0.786260
-0.622222 0.050000 0.905541 0.524273 1.000000
-0.533333 0.050000 0.921242 0.524753 1.000000
-0.444444 0.050000 0.935742 0.525124 1.000000
-0.355556 0.050000 0.949413 0.525409 1.000000
-0.266667 0.050000 0.962506 0.525620 1.000000
-0.177778 0.050000 0.975207 0.525766 1.000000
-0.088889 0.050000 0.987662 0.525852 1.000000
0.000000 0.050000 1.000000 0.525880 1.000000
0.088889 0.050000 0.012338 0.525852 1.000000
0.177778 0.050000 0.024793 0.525766 1.000000
0.266667 0.050000 0.037494 0.525620 1.000000
0.355556 0.050000 0.050587 0.525409 1.000000
0.444444 0.050000 0.064258 0.525124 1.000000
0.533333 0.050000 0.078758 0.524753 1.000000
0.622222 0.050000 0.094459 0.524273 1.000000
0.711111 0.050000 0.111973 0.523649 0.786260
0.800000 0.050000 0.132482 0.522808 0.332242
0.888889 0.050000 0.159029 0.521565 0.000000
0.977778 0.050000 0.218993 0.518297 0.000000
1.066667 0.050000 -1.000000 -1.000000 -1.000000
1.155556 0.050000 -1.000000 -1.000000 -1.000000
1.244444 0.050000 -1.000000 -1.000000 -1.000000
1.333333 0.050000 -1.000000 -1.000000 -1.000000
1.422222 0.050000 -1.000000 -1.000000 -1.000000
1.511111 0.050000 -1.000000 -1.000000 -1.000000
1.600000 0.050000 -1.000000 -1.000000 -1.000000
1.688889 0.050000 -1.000000 -1.000000 -1.000000
1.777778 0.050000 -1.000000 -1.000000 -1.000000
-1.777778 0.000000 -1.000000 -1.000000 -1.000000
-1.688889 0.000000 -1.000000 -1.000000 -1.000000
-1.600000 0.000000 -1.000000 -1.000000 -1.000000
-1.511111 0.000000 -1.000000 -1.000000 -1.000000
-1.422222 0.000000 -1.000000 -1.000000 -1.000000
-1.333333 0.000000 -1.000000 -1.000000 -1.000000
-1.244444 0.000000 -1.000000 -1.000000 -1.000000
-1.155556 0.000000 -1.000000 -1.000000 -1.000000
-1.066667 0.000000 -1.000000 -1.000000 -1.000000
-0.977778 0.000000 0.785429 0.502664 0.000000
-0.888889 0.000000 0.841600 0.506568 0.000000
-0.800000 0.000000 0.867967 0.508147 0.342143
-0.711111 0.000000 0.888380 0.509218 0.793475
-0.622222 0.000000 0.905826 0.510013 1.000000
-0.533333 0.000000 0.921473 0.510625 1.000000
-0.444444 0.000000 0.935927 0.511099 1.000000
-0.355556 0.000000 0.949556 0.511463 1.000000
-0.266667 0.000000 0.962611 0.511732 1.000000
-0.177778 0.000000 0.975276 0.511918 1.000000
-0.088889 0.000000 0.987696 0.512027 1.000000
0.000000 0.000000 1.000000 0.512063 1.000000
0.088889 0.000000 0.012304 0.512027 1.000000
0.177778 0.000000 0.024724 0.511918 1.000000
0.266667 0.000000 0.037389 0.511732 1.000000
0.355556 0.000000 0.050444 0.511463 1.000000
0.444444 0.000000 0.064073 0.511099 1.000000
0.533333 0.000000 0.078527 0.510625 1.000000
0.622222 0.000000 0.094174 0.510013 1.000000
0.711111 0.000000 0.111620 0.509218 0.793475
0.800000 0.000000 0.132033 0.508147 0.342143
0.888889 0.000000 0.158400 0.506568 0.000000
0.977778 0.000000 0.214571 0.502664 0.000000
1.066667 0.000000 -1.000000 -1.000000 -1.000000
1.155556 0.000000 -1.000000 -1.000000 -1.000000
1.244444 0.000000 -1.000000 -1.000000 -1.000000
1.333333 0.000000 -1.000000 -1.000000 -1.000000
1.422222 0.000000 -1.000000 -1.000000 -1.000000
1.511111 0.000000 -1.000000 -1.000000 -1.000000
1.600000 0.000000 -1.000000 -1.000000 -1.000000
1.688889 0.000000 -1.000000 -1.000000 -1.000000
1.777778 0.000000 -1.000000 -1.000000 -1.000000
-1.777778 -0.050000 -1.000000 -1.000000 -1.000000
-1.688889 -0.050000 -1.000000 -1.000000 -1.000000
-1.600000 -0.050000 -1.000000 -1.000000 -1.000000
-1.511111 -0.050000 -1.000000 -1.000000 -1.000000
-1.422222 -0.050000 -1.000000 -1.000000 -1.000000
-1.333333 -0.050000 -1.000000 -1.000000 -1.000000
-1.244444 -0.050000 -1.000000 -1.000000 -1.000000
-1.155556 -0.050000 -1.000000 -1.000000 -1.000000
-1.066667 -0.050000 -1.000000 -1.000000 -1.000000
-0.977778 -0.050000 0.781600 0.486420 0.000000
-0.888889 -0.050000 0.841450 0.491521 0.000000
-0.800000 -0.050000 0.867930 0.493458 0.341311
-0.711111 -0.050000 0.888381 0.494769 0.793501
-0.622222 -0.050000 0.905843 0.495743 1.000000
-0.533333 -0.050000 0.921496 0.496490 1.000000
-0.444444 -0.050000 0.935951 0.497069 1.000000
-0.355556 -0.050000 0.949578 0.497513 1.000000
-0.266667 -0.050000 0.962629 0.497842 1.000000
-0.177778 -0.050000 0.975288 0.498069 1.000000
-0.088889 -0.050000 0.987703 0.498202 1.000000
0.000000 -0.050000 1.000000 0.498246 1.000000
0.088889 -0.050000 0.012297 0.498202 1.000000
0.177778 -0.050000 0.024712 0.498069 1.000000
0.266667 -0.050000 0.037371 0.497842 1.000000
0.355556 -0.050000 0.050422 0.497513 1.000000
0.444444 -0.050000 0.064049 0.497069 1.000000
0.533333 -0.050000 0.078504 0.496490 1.000000
0.622222 -0.050000 0.094157 0.495743 1.000000
0.711111 -0.050000 0.111619 0.494769 0.793501
0.800000 -0.050000 0.132070 0.493458 0.341311
0.888889 -0.050000 0.158550 0.491521 0.000000
0.977778 -0.050000 0.218400 0.486420 0.000000
1.066667 -0.050000 -1.000000 -1.000000 -1.000000
1.155556 -0.050000 -1.000000 -1.000000 -1.000000
1.244444 -0.050000 -1.000000 -1.000000 -1.000000
1.333333 -0.050000 -1.000000 -1.000000 -1.000000
1.422222 -0.050000 -1.000000 -1.000000 -1.000000
1.511111 -0.050000 -1.000000 -1.000000 -1.000000
1.600000 -0.050000 -1.000000 -1.000000 -1.000000
1.688889 -0.050000 -1.000000 -1.000000 -1.000000
1.777778 -0.050000 -1.000000 -1.000000 -1.000000
-1.777778 -0.100000 -1.000000 -1.000000 -1.000000
-1.688889 -0.100000 -1.000000 -1.000000 -1.000000
-1.600000 -0.100000 -1.000000 -1.000000 -1.000000
-1.511111 -0.100000 -1.000000 -1.000000 -1.000000
-1.422222 -0.100000 -1.000000 -1.000000 -1.000000
-1.333333 -0.100000 -1.000000 -1.000000 -1.000000
-1.244444 -0.100000 -1.000000 -1.000000 -1.000000
-1.155556 -0.100000 -1.000000 -1.000000 -1.000000
-1.066667 -0.100000 -1.000000 -1.000000 -1.000000
-0.977778 -0.100000 -1.000000 -1.000000 -1.000000
-0.888889 -0.100000 0.840501 0.476346 0.000000
-0.800000 -0.100000 0.867399 0.478681 0.329611
-0.711111 -0.100000 0.888028 0.480250 0.786278
-0.622222 -0.100000 0.905592 0.481411 1.000000
-0.533333 -0.100000 0.921312 0.482301 1.000000
-0.444444 -0.100000 0.935815 0.482990 1.000000
-0.355556 -0.100000 0.949479 0.483517 1.000000
-0.266667 -0.100000 0.962559 0.483908 1.000000
-0.177778 -0.100000 0.975244 0.484177 1.000000
-0.088889 -0.100000 0.987681 0.484336 1.000000
0.000000 -0.100000 1.000000 0.484388 1.000000
0.088889 -0.100000 0.012319 0.484336 1.000000
0.177778 -0.100000 0.024756 0.484177 1.000000
0.266667 -0.100000 0.037441 0.483908 1.000000
0.355556 -0.100000 0.050521 0.483517 1.000000
0.444444 -0.100000 0.064185 0.482990 1.000000
0.533333 -0.100000 0.078688 0.482301 1.000000
0.622222 -0.100000 0.094408 0.481411 1.000000
0.711111 -0.100000 0.111972 0.480250 0.786278
0.800000 -0.100000 0.132601 0.478681 0.329611
0.888889 -0.100000 0.159499 0.476346 0.000000
0.977778 -0.100000 -1.000000 -1.000000 -1.000000
1.066667 -0.100000 -1.000000 -1.000000 -1.000000
1.155556 -0.100000 -1.000000 -1.000000 -1.000000
1.244444 -0.100000 -1.000000 -1.000000 -1.000000
1.333333 -0.100000 -1.000000 -1.000000 -1.000000
1.422222 -0.100000 -1.000000 -1.000000 -1.000000
1.511111 -0.100000 -1.000000 -1.000000 -1.000000
1.600000 -0.100000 -1.000000 -1.000000 -1.000000
1.688889 -0.100000 -1.000000 -1.000000 -1.000000
1.777778 -0.100000 -1.000000 -1.000000 -1.000000
-1.777778 -0.150000 -1.000000 -1.000000 -1.000000
-1.688889 -0.150000 -1.000000 -1.000000 -1.000000
-1.600000 -0.150000 -1.000000 -1.000000 -1.000000
-1.511111 -0.150000 -1.000000 -1.000000 -1.000000
-1.422222 -0.150000 -1.000000 -1.000000 -1.000000
-1.333333 -0.150000 -1.000000 -1.000000 -1.000000
-1.244444 -0.150000 -1.000000 -1.000000 -1.000000
-1.155556 -0.150000 -1.000000 -1.000000 -1.000000
-1.066667 -0.150000 -1.000000 -1.000000 -1.000000
-0.977778 -0.150000 -1.000000 -1.000000 -1.000000
-0.888889 -0.150000 0.838674 0.460955 0.000000
-0.800000 -0.150000 0.866347 0.463750 0.306589
-0.711111 -0.150000 0.887306 0.465602 0.771355
-0.622222 -0.150000 0.905063 0.466966 1.000000
-0.533333 -0.150000 0.920914 0.468009 1.000000
-0.444444 -0.150000 0.935514 0.468814 1.000000
-0.355556 -0.150000 0.949255 0.469430 1.000000
-0.266667 -0.150000 0.962401 0.469886 1.000000
-0.177778 -0.150000 0.975142 0.470201 1.000000
-0.088889 -0.150000 0.987631 0.470385 1.000000
0.000000 -0.150000 1.000000 0.470446 1.000000
0.088889 -0.150000 0.012369 0.470385 1.000000
0.177778 -0.150000 0.024858 0.470201 1.000000
0.266667 -0.150000 0.037599 0.469886 1.000000
0.355556 -0.150000 0.050745 0.469430 1.000000
0.444444 -0.150000 0.064486 0.468814 1.000000
0.533333 -0.150000 0.079086 0.468009 1.000000
0.622222 -0.150000 0.094937 0.466966 1.000000
0.711111 -0.150000 0.112694 0.465602 0.771355
0.800000 -0.150000 0.133653 0.463750 0.306589
0.888889 -0.150000 0.161326 0.460955 0.000000
0.977778 -0.150000 -1.000000 -1.000000 -1.000000
1.066667 -0.150000 -1.000000 -1.000000 -1.000000
1.155556 -0.150000 -1.000000 -1.000000 -1.000000
1.244444 -0.150000 -1.000000 -1.000000 -1.000000
1.333333 -0.150000 -1.000000 -1.000000 -1.000000
1.422222 -0.150000 -1.000000 -1.000000 -1.000000
1.511111 -0.150000 -1.000000 -1.000000 -1.000000
1.600000 -0.150000 -1.000000 -1.000000 -1.000000
1.688889 -0.150000 -1.000000 -1.000000 -1.000000
1.777778 -0.150000 -1.000000 -1.000000 -1.000000
-1.777778 -0.200000 -1.000000 -1.000000 -1.000000
-1.688889 -0.200000 -1.000000 -1.000000 -1.000000
-1.600000 -0.200000 -1.000000 -1.000000 -1.000000
-1.511111 -0.200000 -1.000000 -1.000000 -1.000000
-1.422222 -0.200000 -1.000000 -1.000000 -1.000000
-1.333333 -0.200000 -1.000000 -1.000000 -1.000000
-1.244444 -0.200000 -1.000000 -1.000000 -1.000000
-1.155556 -0.200000 -1.000000 -1.000000 -1.000000
-1.066667 -0.200000 -1.000000 -1.000000 -1.000000
-0.977778 -0.200000 -1.000000 -1.000000 -1.000000
-0.888889 -0.200000 0.835813 0.445240 0.000000
-0.800000 -0.200000 0.864723 0.448591 0.271481
-0.711111 -0.200000 0.886186 0.450765 0.747868
-0.622222 -0.200000 0.904238 0.452353 1.000000
-0.533333 -0.200000 0.920289 0.453562 1.000000
-0.444444 -0.200000 0.935040 0.454494 1.000000
-0.355556 -0.200000 0.948901 0.455206 1.000000
-0.266667 -0.200000 0.962148 0.455732 1.000000
-0.177778 -0.200000 0.974979 0.456094 1.000000
-0.088889 -0.200000 0.987552 0.456307 1.000000
0.000000 -0.200000 1.000000 0.456377 1.000000
0.088889 -0.200000 0.012448 0.456307 1.000000
0.177778 -0.200000 0.025021 0.456094 1.000000
0.266667 -0.200000 0.037852 0.455732 1.000000
0.355556 -0.200000 0.051099 0.455206 1.000000
0.444444 -0.200000 0.064960 0.454494 1.000000
0.533333 -0.200000 0.079711 0.453562 1.000000
0.622222 -0.200000 0.095762 0.452353 1.000000
0.711111 -0.200000 0.113814 0.450765 0.747868
0.800000 -0.200000 0.135277 0.448591 0.271481
0.888889 -0.200000 0.164187 0.445240 0.000000
0.977778 -0.200000 -1.000000 -1.000000 -1.000000
1.066667 -0.200000 -1.000000 -1.000000 -1.000000
1.155556 -0.200000 -1.000000 -1.000000 -1.000000
1.244444 -0.200000 -1.000000 -1.000000 -1.000000
1.333333 -0.200000 -1.000000 -1.000000 -1.000000
1.422222 -0.200000 -1.000000 -1.000000 -1.000000
1.511111 -0.200000 -1.000000 -1.000000 -1.000000
1.600000 -0.200000 -1.000000 -1.000000 -1.000000
1.688889 -0.200000 -1.000000 -1.000000 -1.000000
1.777778 -0.200000 -1.000000 -1.000000 -1.000000
-1.777778 -0.250000 -1.000000 -1.000000 -1.000000
-1.688889 -0.250000 -1.000000 -1.000000 -1.000000
-1.600000 -0.250000 -1.000000 -1.000000 -1.000000
-1.511111 -0.250000 -1.000000 -1.000000 -1.000000
-1.422222 -0.250000 -1.000000 -1.000000 -1.000000
-1.333333 -0.250000 -1.000000 -1.000000 -1.000000
-1.244444 -0.250000 -1.000000 -1.000000 -1.000000
-1.155556 -0.250000 -1.000000 -1.000000 -1.000000
-1.066667 -0.250000 -1.000000 -1.000000 -1.000000
-0.977778 -0.250000 -1.000000 -1.000000 -1.000000
-0.888889 -0.250000 0.831629 0.429059 0.000000
-0.800000 -0.250000 0.862438 0.433118 0.223341
-0.711111 -0.250000 0.884624 0.435668 0.714480
-0.622222 -0.250000 0.903088 0.437511 1.000000
-0.533333 -0.250000 0.919419 0.438906 1.000000
-0.444444 -0.250000 0.934378 0.439977 1.000000
-0.355556 -0.250000 0.948407 0.440793 1.000000
-0.266667 -0.250000 0.961795 0.441395 1.000000
-0.177778 -0.250000 0.974752 0.441810 1.000000
-0.088889 -0.250000 0.987440 0.442053 1.000000
0.000000 -0.250000 1.000000 0.442133 1.000000
0.088889 -0.250000 0.012560 0.442053 1.000000
0.177778 -0.250000 0.025248 0.441810 1.000000
0.266667 -0.250000 0.038205 0.441395 1.000000
0.355556 -0.250000 0.051593 0.440793 1.000000
0.444444 -0.250000 0.065622 0.439977 1.000000
0.533333 -0.250000 0.080581 0.438906 1.000000
0.622222 -0.250000 0.096912 0.437511 1.000000
0.711111 -0.250000 0.115376 0.435668 0.714480
0.800000 -0.250000 0.137562 0.433118 0.223341
0.888889 -0.250000 0.168371 0.429059 0.000000
0.977778 -0.250000 -1.000000 -1.000000 -1.000000
1.066667 -0.250000 -1.000000 -1.000000 -1.000000
1.155556 -0.250000 -1.000000 -1.000000 -1.000000
1.244444 -0.250000 -1.000000 -1.000000 -1.000000
1.333333 -0.250000 -1.000000 -1.000000 -1.000000
1.422222 -0.250000 -1.000000 -1.000000 -1.000000
1.511111 -0.250000 -1.000000 -1.000000 -1.000000
1.600000 -0.250000 -1.000000 -1.000000 -1.000000
1.688889 -0.250000 -1.000000 -1.000000 -1.000000
1.777778 -0.250000 -1.000000 -1.000000 -1.000000
-1.777778 -0.300000 -1.000000 -1.000000 -1.000000
-1.688889 -0.300000 -1.000000 -1.000000 -1.000000
-1.600000 -0.300000 -1.000000 -1.000000 -1.000000
-1.511111 -0.300000 -1.000000 -1.000000 -1.000000
-1.422222 -0.300000 -1.000000 -1.000000 -1.000000
-1.333333 -0.300000 -1.000000 -1.000000 -1.000000
-1.244444 -0.300000 -1.000000 -1.000000 -1.000000
-1.155556 -0.300000 -1.000000 -1.000000 -1.000000
-1.066667 -0.300000 -1.000000 -1.000000 -1.000000
-0.977778 -0.300000 -1.000000 -1.000000 -1.000000
-0.888889 -0.300000 0.825551 0.412194 0.000000
-0.800000 -0.300000 0.859358 0.417227 0.161533
-0.711111 -0.300000 0.882551 0.420232 0.669297
-0.622222 -0.300000 0.901572 0.422369 0.995529
-0.533333 -0.300000 0.918275 0.423975 1.000000
-0.444444 -0.300000 0.933510 0.425202 1.000000
-0.355556 -0.300000 0.947759 0.426134 1.000000
-0.266667 -0.300000 0.961333 0.426821 1.000000
-0.177778 -0.300000 0.974453 0.427293 1.000000
-0.088889 -0.300000 0.987294 0.427570 1.000000
0.000000 -0.300000 1.000000 0.427661 1.000000
0.088889 -0.300000 0.012706 0.427570 1.000000
0.177778 -0.300000 0.025547 0.427293 1.000000
0.266667 -0.300000 0.038667 0.426821 1.000000
0.355556 -0.300000 0.052241 0.426134 1.000000
0.444444 -0.300000 0.066490 0.425202 1.000000
0.533333 -0.300000 0.081725 0.423975 1.000000
0.622222 -0.300000 0.098428 0.422369 0.995529
0.711111 -0.300000 0.117449 0.420232 0.669297
0.800000 -0.300000 0.140642 0.417227 0.161533
0.888889 -0.300000 0.174449 0.412194 0.000000
0.977778 -0.300000 -1.000000 -1.000000 -1.000000
1.066667 -0.300000 -1.000000 -1.000000 -1.000000
1.155556 -0.300000 -1.000000 -1.000000 -1.000000
1.244444 -0.300000 -1.000000 -1.000000 -1.000000
1.333333 -0.300000 -1.000000 -1.000000 -1.000000
1.422222 -0.300000 -1.000000 -1.000000 -1.000000
1.511111 -0.300000 -1.000000 -1.000000 -1.000000
1.600000 -0.300000 -1.000000 -1.000000 -1.000000
1.688889 -0.300000 -1.000000 -1.000000 -1.000000
1.777778 -0.300000 -1.000000 -1.000000 -1.000000
-1.777778 -0.350000 -1.000000 -1.000000 -1.000000
-1.688889 -0.350000 -1.000000 -1.000000 -1.000000
-1.600000 -0.350000 -1.000000 -1.000000 -1.000000
-1.511111 -0.350000 -1.000000 -1.000000 -1.000000
-1.422222 -0.350000 -1.000000 -1.000000 -1.000000
-1.333333 -0.350000 -1.000000 -1.000000 -1.000000
-1.244444 -0.350000 -1.000000 -1.000000 -1.000000
-1.155556 -0.350000 -1.000000 -1.000000 -1.000000
-1.066667 -0.350000 -1.000000 -1.000000 -1.000000
-0.977778 -0.350000 -1.000000 -1.000000 -1.000000
-0.888889 -0.350000 0.816222 0.394228 0.000000
-0.800000 -0.350000 0.855263 0.400781 0.087685
-0.711111 -0.350000 0.879868 0.404358 0.609714
-0.622222 -0.350000 0.899631 0.406847 0.979502
-0.533333 -0.350000 0.916817 0.408697 1.000000
-0.444444 -0.350000 0.932407 0.410103 1.000000
-0.355556 -0.350000 0.946937 0.411167 1.000000
-0.266667 -0.350000 0.960747 0.411949 1.000000
-0.177778 -0.350000 0.974076 0.412486 1.000000
-0.088889 -0.350000 0.987109 0.412800 1.000000
0.000000 -0.350000 1.000000 0.412903 1.000000
0.088889 -0.350000 0.012891 0.412800 1.000000
0.177778 -0.350000 0.025924 0.412486 1.000000
0.266667 -0.350000 0.039253 0.411949 1.000000
0.355556 -0.350000 0.053063 0.411167 1.000000
0.444444 -0.350000 0.067593 0.410103 1.000000
0.533333 -0.350000 0.083183 0.408697 1.000000
0.622222 -0.350000 0.100369 0.406847 0.979502
0.711111 -0.350000 0.120132 0.404358 0.609714
0.800000 -0.350000 0.144737 0.400781 0.087685
0.888889 -0.350000 0.183778 0.394228 0.000000
0.977778 -0.350000 -1.000000 -1.000000 -1.000000
1.066667 -0.350000 -1.000000 -1.000000 -1.000000
1.155556 -0.350000 -1.000000 -1.000000 -1.000000
1.244444 -0.350000 -1.000000 -1.000000 -1.000000
1.333333 -0.350000 -1.000000 -1.000000 -1.000000
1.422222 -0.350000 -1.000000 -1.000000 -1.000000
1.511111 -0.350000 -1.000000 -1.000000 -1.000000
1.600000 -0.350000 -1.000000 -1.000000 -1.000000
1.688889 -0.350000 -1.000000 -1.000000 -1.000000
1.777778 -0.350000 -1.000000 -1.000000 -1.000000
-1.777778 -0.400000 -1.000000 -1.000000 -1.000000
-1.688889 -0.400000 -1.000000 -1.000000 -1.000000
-1.600000 -0.400000 -1.000000 -1.000000 -1.000000
-1.511111 -0.400000 -1.000000 -1.000000 -1.000000
-1.422222 -0.400000 -1.000000 -1.000000 -1.000000
-1.333333 -0.400000 -1.000000 -1.000000 -1.000000
-1.244444 -0.400000 -1.000000 -1.000000 -1.000000
-1.155556 -0.400000 -1.000000 -1.000000 -1.000000
-1.066667 -0.400000 -1.000000 -1.000000 -1.000000
-0.977778 -0.400000 -1.000000 -1.000000 -1.000000
-0.888889 -0.400000 0.797626 0.373665 0.000000
-0.800000 -0.400000 0.849782 0.383585 0.014790
-0.711111 -0.400000 0.876422 0.387922 0.532159
-0.622222 -0.400000 0.897177 0.390844 0.949563
-0.533333 -0.400000 0.914990 0.392986 1.000000
-0.444444 -0.400000 0.931031 0.394601 1.000000
-0.355556 -0.400000 0.945915 0.395817 1.000000
-0.266667 -0.400000 0.960020 0.396708 1.000000
-0.177778 -0.400000 0.973609 0.397318 1.000000
-0.088889 -0.400000 0.986880 0.397675 1.000000
0.000000 -0.400000 1.000000 0.397792 1.000000
0.088889 -0.400000 0.013120 0.397675 1.000000
0.177778 -0.400000 0.026391 0.397318 1.000000
0.266667 -0.400000 0.039980 0.396708 1.000000
0.355556 -0.400000 0.054085 0.395817 1.000000
0.444444 -0.400000 0.068969 0.394601 1.000000
0.533333 -0.400000 0.085010 0.392986 1.000000
0.622222 -0.400000 0.102823 0.390844 0.949563
0.711111 -0.400000 0.123578 0.387922 0.532159
0.800000 -0.400000 0.150218 0.383585 0.014790
0.888889 -0.400000 0.202374 0.373665 0.000000
0.977778 -0.400000 -1.000000 -1.000000 -1.000000
1.066667 -0.400000 -1.000000 -1.000000 -1.000000
1.155556 -0.400000 -1.000000 -1.000000 -1.000000
1.244444 -0.400000 -1.000000 -1.000000 -1.000000
1.333333 -0.400000 -1.000000 -1.000000 -1.000000
1.422222 -0.400000 -1.000000 -1.000000 -1.000000
1.511111 -0.400000 -1.000000 -1.000000 -1.000000
1.600000 -0.400000 -1.000000 -1.000000 -1.000000
1.688889 -0.400000 -1.000000 -1.000000 -1.000000
1.777778 -0.400000 -1.000000 -1.000000 -1.000000
-1.777778 -0.450000 -1.000000 -1.000000 -1.000000
-1.688889 -0.450000 -1.000000 -1.000000 -1.000000
-1.600000 -0.450000 -1.000000 -1.000000 -1.000000
-1.511111 -0.450000 -1.000000 -1.000000 -1.000000
-1.422222 -0.450000 -1.000000 -1.000000 -1.000000
-1.333333 -0.450000 -1.000000 -1.000000 -1.000000
-1.244444 -0.450000 -1.000000 -1.000000 -1.000000
-1.155556 -0.450000 -1.000000 -1.000000 -1.000000
-1.066667 -0.450000 -1.000000 -1.000000 -1.000000
-0.977778 -0.450000 -1.000000 -1.000000 -1.000000
-0.888889 -0.450000 -1.000000 -1.000000 -1.000000
-0.800000 -0.450000 0.842217 0.365330 0.000000
-0.711111 -0.450000 0.871978 0.370758 0.431737
-0.622222 -0.450000 0.894086 0.374234 0.901392
-0.533333 -0.450000 0.912715 0.376734 1.000000
-0.444444 -0.450000 0.929330 0.378599 1.000000
-0.355556 -0.450000 0.944656 0.379994 1.000000
-0.266667 -0.450000 0.959127 0.381012 1.000000
-0.177778 -0.450000 0.973036 0.381708 1.000000
-0.088889 -0.450000 0.986600 0.382114 1.000000
0.000000 -0.450000 1.000000 0.382247 1.000000
0.088889 -0.450000 0.013400 0.382114 1.000000
0.177778 -0.450000 0.026964 0.381708 1.000000
0.266667 -0.450000 0.040873 0.381012 1.000000
0.355556 -0.450000 0.055344 0.379994 1.000000
0.444444 -0.450000 0.070670 0.378599 1.000000
0.533333 -0.450000 0.087285 0.376734 1.000000
0.622222 -0.450000 0.105914 0.374234 0.901392
0.711111 -0.450000 0.128022 0.370758 0.431737
0.800000 -0.450000 0.157783 0.365330 0.000000
0.888889 -0.450000 -1.000000 -1.000000 -1.000000
0.977778 -0.450000 -1.000000 -1.000000 -1.000000
1.066667 -0.450000 -1.000000 -1.000000 -1.000000
1.155556 -0.450000 -1.000000 -1.000000 -1.000000
1.244444 -0.450000 -1.000000 -1.000000 -1.000000
1.333333 -0.450000 -1.000000 -1.000000 -1.000000
1.422222 -0.450000 -1.000000 -1.000000 -1.000000
1.511111 -0.450000 -1.000000 -1.000000 -1.000000
1.600000 -0.450000 -1.000000 -1.000000 -1.000000
1.688889 -0.450000 -1.000000 -1.000000 -1.000000
1.777778 -0.450000 -1.000000 -1.000000 -1.000000
-1.777778 -0.500000 -1.000000 -1.000000 -1.000000
-1.688889 -0.500000 -1.000000 -1.000000 -1.000000
-1.600000 -0.500000 -1.000000 -1.000000 -1.000000
-1.511111 -0.500000 -1.000000 -1.000000 -1.000000
-1.422222 -0.500000 -1.000000 -1.000000 -1.000000
-1.333333 -0.500000 -1.000000 -1.000000 -1.000000
-1.244444 -0.500000 -1.000000 -1.000000 -1.000000
-1.155556 -0.500000 -1.000000 -1.000000 -1.000000
-1.066667 -0.500000 -1.000000 -1.000000 -1.000000
-0.977778 -0.500000 -1.000000 -1.000000 -1.000000
-0.888889 -0.500000 -1.000000 -1.000000 -1.000000
-0.800000 -0.500000 0.830954 0.345415 0.000000
-0.711111 -0.500000 0.866142 0.352627 0.302108
-0.622222 -0.500000 0.890165 0.356852 0.829188
-0.533333 -0.500000 0.909877 0.359805 1.000000
-0.444444 -0.500000 0.927227 0.361977 1.000000
-0.355556 -0.500000 0.943110 0.363589 1.000000
-0.266667 -0.500000 0.958035 0.364759 1.000000
-0.177778 -0.500000 0.972336 0.365556 1.000000
-0.088889 -0.500000 0.986258 0.366020 1.000000
0.000000 -0.500000 1.000000 0.366172 1.000000
0.088889 -0.500000 0.013742 0.366020 1.000000
0.177778 -0.500000 0.027664 0.365556 1.000000
0.266667 -0.500000 0.041965 0.364759 1.000000
0.355556 -0.500000 0.056890 0.363589 1.000000
0.444444 -0.500000 0.072773 0.361977 1.000000
0.533333 -0.500000 0.090123 0.359805 1.000000
0.622222 -0.500000 0.109835 0.356852 0.829188
0.711111 -0.500000 0.133858 0.352627 0.302108
0.800000 -0.500000 0.169046 0.345415 0.000000
0.888889 -0.500000 -1.000000 -1.000000 -1.000000
0.977778 -0.500000 -1.000000 -1.000000 -1.000000
1.066667 -0.500000 -1.000000 -1.000000 -1.000000
1.155556 -0.500000 -1.000000 -1.000000 -1.000000
1.244444 -0.500000 -1.000000 -1.000000 -1.000000
1.333333 -0.500000 -1.000000 -1.000000 -1.000000
1.422222 -0.500000 -1.000000 -1.000000 -1.000000
1.511111 -0.500000 -1.000000 -1.000000 -1.000000
1.600000 -0.500000 -1.000000 -1.000000 -1.000000
1.688889 -0.500000 -1.000000 -1.000000 -1.000000
1.777778 -0.500000 -1.000000 -1.000000 -1.000000
-1.777778 -0.550000 -1.000000 -1.000000 -1.000000
-1.688889 -0.550000 -1.000000 -1.000000 -1.000000
-1.600000 -0.550000 -1.000000 -1.000000 -1.000000
-1.511111 -0.550000 -1.000000 -1.000000 -1.000000
-1.422222 -0.550000 -1.000000 -1.000000 -1.000000
-1.333333 -0.550000 -1.000000 -1.000000 -1.000000
-1.244444 -0.550000 -1.000000 -1.000000 -1.000000
-1.155556 -0.550000 -1.000000 -1.000000 -1.000000
-1.066667 -0.550000 -1.000000 -1.000000 -1.000000
-0.977778 -0.550000 -1.000000 -1.000000 -1.000000
-0.888889 -0.550000 -1.000000 -1.000000 -1.000000
-0.800000 -0.550000 0.809450 0.321800 0.000000
-0.711111 -0.550000 0.858184 0.333148 0.139225
-0.622222 -0.550000 0.885110 0.338463 0.724927
-0.533333 -0.550000 0.906303 0.342018 1.000000
-0.444444 -0.550000 0.924613 0.344582 1.000000
-0.355556 -0.550000 0.941203 0.346463 1.000000
-0.266667 -0.550000 0.956694 0.347819 1.000000
-0.177778 -0.550000 0.971479 0.348738 1.000000
-0.088889 -0.550000 0.985840 0.349273 1.000000
0.000000 -0.550000 1.000000 0.349448 1.000000
0.088889 -0.550000 0.014160 0.349273 1.000000
0.177778 -0.550000 0.028521 0.348738 1.000000
0.266667 -0.550000 0.043306 0.347819 1.000000
0.355556 -0.550000 0.058797 0.346463 1.000000
0.444444 -0.550000 0.075387 0.344582 1.000000
0.533333 -0.550000 0.093697 0.342018 1.000000
0.622222 -0.550000 0.114890 0.338463 0.724927
0.711111 -0.550000 0.141816 0.333148 0.139225
0.800000 -0.550000 0.190550 0.321800 0.000000
0.888889 -0.550000 -1.000000 -1.000000 -1.000000
0.977778 -0.550000 -1.000000 -1.000000 -1.000000
1.066667 -0.550000 -1.000000 -1.000000 -1.000000
1.155556 -0.550000 -1.000000 -1.000000 -1.000000
1.244444 -0.550000 -1.000000 -1.000000 -1.000000
1.333333 -0.550000 -1.000000 -1.000000 -1.000000
1.422222 -0.550000 -1.000000 -1.000000 -1.000000
1.511111 -0.550000 -1.000000 -1.000000 -1.000000
1.600000 -0.550000 -1.000000 -1.000000 -1.000000
1.688889 -0.550000 -1.000000 -1.000000 -1.000000
1.777778 -0.550000 -1.000000 -1.000000 -1.000000
-1.777778 -0.600000 -1.000000 -1.000000 -1.000000
-1.688889 -0.600000 -1.000000 -1.000000 -1.000000
-1.600000 -0.600000 -1.000000 -1.000000 -1.000000
-1.511111 -0.600000 -1.000000 -1.000000 -1.000000
-1.422222 -0.600000 -1.000000 -1.000000 -1.000000
-1.333333 -0.600000 -1.000000 -1.000000 -1.000000
-1.244444 -0.600000 -1.000000 -1.000000 -1.000000
-1.155556 -0.600000 -1.000000 -1.000000 -1.000000
-1.066667 -0.600000 -1.000000 -1.000000 -1.000000
-0.977778 -0.600000 -1.000000 -1.000000 -1.000000
-0.888889 -0.600000 -1.000000 -1.000000 -1.000000
-0.800000 -0.600000 -1.000000 -1.000000 -1.000000
-0.711111 -0.600000 0.846480 0.311593 0.000000
-0.622222 -0.600000 0.878387 0.318716 0.576490
-0.533333 -0.600000 0.901718 0.323121 0.996362
-0.444444 -0.600000 0.921321 0.326204 1.000000
-0.355556 -0.600000 0.938827 0.328432 1.000000
-0.266667 -0.600000 0.955034 0.330023 1.000000
-0.177778 -0.600000 0.970424 0.331095 1.000000
-0.088889 -0.600000 0.985326 0.331716 1.000000
0.000000 -0.600000 1.000000 0.331920 1.000000
0.088889 -0.600000 0.014674 0.331716 1.000000
0.177778 -0.600000 0.029576 0.331095 1.000000
0.266667 -0.600000 0.044966 0.330023 1.000000
0.355556 -0.600000 0.061173 0.328432 1.000000
0.444444 -0.600000 0.078679 0.326204 1.000000
0.533333 -0.600000 0.098282 0.323121 0.996362
0.622222 -0.600000 0.121613 0.318716 0.576490
0.711111 -0.600000 0.153520 0.311593 0.000000
0.800000 -0.600000 -1.000000 -1.000000 -1.000000
0.888889 -0.600000 -1.000000 -1.000000 -1.000000
0.977778 -0.600000 -1.000000 -1.000000 -1.000000
1.066667 -0.600000 -1.000000 -1.000000 -1.000000
1.155556 -0.600000 -1.000000 -1.000000 -1.000000
1.244444 -0.600000 -1.000000 -1.000000 -1.000000
1.333333 -0.600000 -1.000000 -1.000000 -1.000000
1.422222 -0.600000 -1.000000 -1.000000 -1.000000
1.511111 -0.600000 -1.000000 -1.000000 -1.000000
1.600000 -0.600000 -1.000000 -1.000000 -1.000000
1.688889 -0.600000 -1.000000 -1.000000 -1.000000
1.777778 -0.600000 -1.000000 -1.000000 -1.000000
-1.777778 -0.650000 -1.000000 -1.000000 -1.000000
-1.688889 -0.650000 -1.000000 -1.000000 -1.000000
-1.600000 -0.650000 -1.000000 -1.000000 -1.000000
-1.511111 -0.650000 -1.000000 -1.000000 -1.000000
-1.422222 -0.650000 -1.000000 -1.000000 -1.000000
-1.333333 -0.650000 -1.000000 -1.000000 -1.000000
-1.244444 -0.650000 -1.000000 -1.000000 -1.000000
-1.155556 -0.650000 -1.000000 -1.000000 -1.000000
-1.066667 -0.650000 -1.000000 -1.000000 -1.000000
-0.977778 -0.650000 -1.000000 -1.000000 -1.000000
-0.888889 -0.650000 -1.000000 -1.000000 -1.000000
-0.800000 -0.650000 -1.000000 -1.000000 -1.000000
-0.711111 -0.650000 0.825342 0.285837 0.000000
-0.622222 -0.650000 0.868947 0.297007 0.363843
-0.533333 -0.650000 0.895653 0.302734 0.927019
-0.444444 -0.650000 0.917084 0.306550 1.000000
-0.355556 -0.650000 0.935815 0.309243 1.000000
-0.266667 -0.650000 0.952950 0.311142 1.000000
-0.177778 -0.650000 0.969106 0.312412 1.000000
-0.088889 -0.650000 0.984687 0.313144 1.000000
0.000000 -0.650000 1.000000 0.313384 1.000000
0.088889 -0.650000 0.015313 0.313144 1.000000
0.177778 -0.650000 0.030894 0.312412 1.000000
0.266667 -0.650000 0.047050 0.311142 1.000000
0.355556 -0.650000 0.064185 0.309243 1.000000
0.444444 -0.650000 0.082916 0.306550 1.000000
0.533333 -0.650000 0.104347 0.302734 0.927019
0.622222 -0.650000 0.131053 0.297007 0.363843
0.711111 -0.650000 0.174658 0.285837 0.000000
0.800000 -0.650000 -1.000000 -1.000000 -1.000000
0.888889 -0.650000 -1.000000 -1.000000 -1.000000
0.977778 -0.650000 -1.000000 -1.000000 -1.000000
1.066667 -0.650000 -1.000000 -1.000000 -1.000000
1.155556 -0.650000 -1.000000 -1.000000 -1.000000
1.244444 -0.650000 -1.000000 -1.000000 -1.000000
1.333333 -0.650000 -1.000000 -1.000000 -1.000000
1.422222 -0.650000 -1.000000 -1.000000 -1.000000
1.511111 -0.650000 -1.000000 -1.000000 -1.000000
1.600000 -0.650000 -1.000000 -1.000000 -1.000000
1.688889 -0.650000 -1.000000 -1.000000 -1.000000
1.777778 -0.650000 -1.000000 -1.000000 -1.000000
-1.777778 -0.700000 -1.000000 -1.000000 -1.000000
-1.688889 -0.700000 -1.000000 -1.000000 -1.000000
-1.600000 -0.700000 -1.000000 -1.000000 -1.000000
-1.511111 -0.700000 -1.000000 -1.000000 -1.000000
-1.422222 -0.700000 -1.000000 -1.000000 -1.000000
-1.333333 -0.700000 -1.000000 -1.000000 -1.000000
-1.244444 -0.700000 -1.000000 -1.000000 -1.000000
-1.155556 -0.700000 -1.000000 -1.000000 -1.000000
-1.066667 -0.700000 -1.000000 -1.000000 -1.000000
-0.977778 -0.700000 -1.000000 -1.000000 -1.000000
-0.888889 -0.700000 -1.000000 -1.000000 -1.000000
-0.800000 -0.700000 -1.000000 -1.000000 -1.000000
-0.711111 -0.700000 -1.000000 -1.000000 -1.000000
-0.622222 -0.700000 0.854130 0.272048 0.069618
-0.533333 -0.700000 0.887202 0.280222 0.769195
-0.444444 -0.700000 0.911437 0.285167 1.000000
-0.355556 -0.700000 0.931891 0.288528 1.000000
-0.266667 -0.700000 0.950272 0.290851 1.000000
-0.177778 -0.700000 0.967426 0.292388 1.000000
-0.088889 -0.700000 0.983875 0.293269 1.000000
0.000000 -0.700000 1.000000 0.293556 1.000000
0.088889 -0.700000 0.016125 0.293269 1.000000
0.177778 -0.700000 0.032574 0.292388 1.000000
0.266667 -0.700000 0.049728 0.290851 1.000000
0.355556 -0.700000 0.068109 0.288528 1.000000
0.444444 -0.700000 0.088563 0.285167 1.000000
0.533333 -0.700000 0.112798 0.280222 0.769195
0.622222 -0.700000 0.145870 0.272048 0.069618
0.711111 -0.700000 -1.000000 -1.000000 -1.000000
0.800000 -0.700000 -1.000000 -1.000000 -1.000000
0.888889 -0.700000 -1.000000 -1.000000 -1.000000
0.977778 -0.700000 -1.000000 -1.000000 -1.000000
1.066667 -0.700000 -1.000000 -1.000000 -1.000000
1.155556 -0.700000 -1.000000 -1.000000 -1.000000
1.244444 -0.700000 -1.000000 -1.000000 -1.000000
1.333333 -0.700000 -1.000000 -1.000000 -1.000000
1.422222 -0.700000 -1.000000 -1.000000 -1.000000
1.511111 -0.700000 -1.000000 -1.000000 -1.000000
1.600000 -0.700000 -1.000000 -1.000000 -1.000000
1.688889 -0.700000 -1.000000 -1.000000 -1.000000
1.777778 -0.700000 -1.000000 -1.000000 -1.000000
-1.777778 -0.750000 -1.000000 -1.000000 -1.000000
-1.688889 -0.750000 -1.000000 -1.000000 -1.000000
-1.600000 -0.750000 -1.000000 -1.000000 -1.000000
-1.511111 -0.750000 -1.000000 -1.000000 -1.000000
-1.422222 -0.750000 -1.000000 -1.000000 -1.000000
-1.333333 -0.750000 -1.000000 -1.000000 -1.000000
-1.244444 -0.750000 -1.000000 -1.000000 -1.000000
-1.155556 -0.750000 -1.000000 -1.000000 -1.000000
-1.066667 -0.750000 -1.000000 -1.000000 -1.000000
-0.977778 -0.750000 -1.000000 -1.000000 -1.000000
-0.888889 -0.750000 -1.000000 -1.000000 -1.000000
-0.800000 -0.750000 -1.000000 -1.000000 -1.000000
-0.711111 -0.750000 -1.000000 -1.000000 -1.000000
-0.622222 -0.750000 0.819382 0.238146 0.000000
-0.533333 -0.750000 0.874230 0.254322 0.482593
-0.444444 -0.750000 0.903467 0.261292 1.000000
-0.355556 -0.750000 0.926559 0.265703 1.000000
-0.266667 -0.750000 0.946705 0.268656 1.000000
-0.177778 -0.750000 0.965214 0.270576 1.000000
-0.088889 -0.750000 0.982813 0.271665 1.000000
0.000000 -0.750000 1.000000 0.272019 1.000000
0.088889 -0.750000 0.017187 0.271665 1.000000
0.177778 -0.750000 0.034786 0.270576 1.000000
0.266667 -0.750000 0.053295 0.268656 1.000000
0.355556 -0.750000 0.073441 0.265703 1.000000
0.444444 -0.750000 0.096533 0.261292 1.000000
0.533333 -0.750000 0.125770 0.254322 0.482593
0.622222 -0.750000 0.180618 0.238146 0.000000
0.711111 -0.750000 -1.000000 -1.000000 -1.000000
0.800000 -0.750000 -1.000000 -1.000000 -1.000000
0.888889 -0.750000 -1.000000 -1.000000 -1.000000
0.977778 -0.750000 -1.000000 -1.000000 -1.000000
1.066667 -0.750000 -1.000000 -1.000000 -1.000000
1.155556 -0.750000 -1.000000 -1.000000 -1.000000
1.244444 -0.750000 -1.000000 -1.000000 -1.000000
1.333333 -0.750000 -1.000000 -1.000000 -1.000000
1.422222 -0.750000 -1.000000 -1.000000 -1.000000
1.511111 -0.750000 -1.000000 -1.000000 -1.000000
1.600000 -0.750000 -1.000000 -1.000000 -1.000000
1.688889 -0.750000 -1.000000 -1.000000 -1.000000
1.777778 -0.750000 -1.000000 -1.000000 -1.000000
-1.777778 -0.800000 -1.000000 -1.000000 -1.000000
-1.688889 -0.800000 -1.000000 -1.000000 -1.000000
-1.600000 -0.800000 -1.000000 -1.000000 -1.000000
-1.511111 -0.800000 -1.000000 -1.000000 -1.000000
-1.422222 -0.800000 -1.000000 -1.000000 -1.000000
-1.333333 -0.800000 -1.000000 -1.000000 -1.000000
-1.244444 -0.800000 -1.000000 -1.000000 -1.000000
-1.155556 -0.800000 -1.000000 -1.000000 -1.000000
-1.066667 -0.800000 -1.000000 -1.000000 -1.000000
-0.977778 -0.800000 -1.000000 -1.000000 -1.000000
-0.888889 -0.800000 -1.000000 -1.000000 -1.000000
-0.800000 -0.800000 -1.000000 -1.000000 -1.000000
-0.711111 -0.800000 -1.000000 -1.000000 -1.000000
-0.622222 -0.800000 -1.000000 -1.000000 -1.000000
-0.533333 -0.800000 0.848583 0.221117 0.005423
-0.444444 -0.800000 0.890976 0.233379 0.844893
-0.355556 -0.800000 0.918785 0.239735 1.000000
-0.266667 -0.800000 0.941683 0.243729 1.000000
-0.177778 -0.800000 0.962157 0.246250 1.000000
-0.088889 -0.800000 0.981359 0.247658 1.000000
0.000000 -0.800000 1.000000 0.248112 1.000000
0.088889 -0.800000 0.018641 0.247658 1.000000
0.177778 -0.800000 0.037843 0.246250 1.000000
0.266667 -0.800000 0.058317 0.243729 1.000000
0.355556 -0.800000 0.081215 0.239735 1.000000
0.444444 -0.800000 0.109024 0.233379 0.844893
0.533333 -0.800000 0.151417 0.221117 0.005423
0.622222 -0.800000 -1.000000 -1.000000 -1.000000
0.711111 -0.800000 -1.000000 -1.000000 -1.000000
0.800000 -0.800000 -1.000000 -1.000000 -1.000000
0.888889 -0.800000 -1.000000 -1.000000 -1.000000
0.977778 -0.800000 -1.000000 -1.000000 -1.000000
1.066667 -0.800000 -1.000000 -1.000000 -1.000000
1.155556 -0.800000 -1.000000 -1.000000 -1.000000
1.244444 -0.800000 -1.000000 -1.000000 -1.000000
1.333333 -0.800000 -1.000000 -1.000000 -1.000000
1.422222 -0.800000 -1.000000 -1.000000 -1.000000
1.511111 -0.800000 -1.000000 -1.000000 -1.000000
1.600000 -0.800000 -1.000000 -1.000000 -1.000000
1.688889 -0.800000 -1.000000 -1.000000 -1.000000
1.777778 -0.800000 -1.000000 -1.000000 -1.000000
-1.777778 -0.850000 -1.000000 -1.000000 -1.000000
-1.688889 -0.850000 -1.000000 -1.000000 -1.000000
-1.600000 -0.850000 -1.000000 -1.000000 -1.000000
-1.511111 -0.850000 -1.000000 -1.000000 -1.000000
-1.422222 -0.850000 -1.000000 -1.000000 -1.000000
-1.333333 -0.850000 -1.000000 -1.000000 -1.000000
-1.244444 -0.850000 -1.000000 -1.000000 -1.000000
-1.155556 -0.850000 -1.000000 -1.000000 -1.000000
-1.066667 -0.850000 -1.000000 -1.000000 -1.000000
-0.977778 -0.850000 -1.000000 -1.000000 -1.000000
-0.888889 -0.850000 -1.000000 -1.000000 -1.000000
-0.800000 -0.850000 -1.000000 -1.000000 -1.000000
-0.711111 -0.850000 -1.000000 -1.000000 -1.000000
-0.622222 -0.850000 -1.000000 -1.000000 -1.000000
-0.533333 -0.850000 -1.000000 -1.000000 -1.000000
-0.444444 -0.850000 0.865379 0.196632 0.285590
-0.355556 -0.850000 0.905816 0.208352 1.000000
-0.266667 -0.850000 0.933889 0.214464 1.000000
-0.177778 -0.850000 0.957576 0.218078 1.000000
-0.088889 -0.850000 0.979216 0.220038 1.000000
0.000000 -0.850000 1.000000 0.220663 1.000000
0.088889 -0.850000 0.020784 0.220038 1.000000
0.177778 -0.850000 0.042424 0.218078 1.000000
0.266667 -0.850000 0.066111 0.214464 1.000000
0.355556 -0.850000 0.094184 0.208352 1.000000
0.444444 -0.850000 0.134621 0.196632 0.285590
0.533333 -0.850000 -1.000000 -1.000000 -1.000000
0.622222 -0.850000 -1.000000 -1.000000 -1.000000
0.711111 -0.850000 -1.000000 -1.000000 -1.000000
0.800000 -0.850000 -1.000000 -1.000000 -1.000000
0.888889 -0.850000 -1.000000 -1.000000 -1.000000
0.977778 -0.850000 -1.000000 -1.000000 -1.000000
1.066667 -0.850000 -1.000000 -1.000000 -1.000000
1.155556 -0.850000 -1.000000 -1.000000 -1.000000
1.244444 -0.850000 -1.000000 -1.000000 -1.000000
1.333333 -0.850000 -1.000000 -1.000000 -1.000000
1.422222 -0.850000 -1.000000 -1.000000 -1.000000
1.511111 -0.850000 -1.000000 -1.000000 -1.000000
1.600000 -0.850000 -1.000000 -1.000000 -1.000000
1.688889 -0.850000 -1.000000 -1.000000 -1.000000
1.777778 -0.850000 -1.000000 -1.000000 -1.000000
-1.777778 -0.900000 -1.000000 -1.000000 -1.000000
-1.688889 -0.900000 -1.000000 -1.000000 -1.000000
-1.600000 -0.900000 -1.000000 -1.000000 -1.000000
-1.511111 -0.900000 -1.000000 -1.000000 -1.000000
-1.422222 -0.900000 -1.000000 -1.000000 -1.000000
-1.333333 -0.900000 -1.000000 -1.000000 -1.000000
-1.244444 -0.900000 -1.000000 -1.000000 -1.000000
-1.155556 -0.900000 -1.000000 -1.000000 -1.000000
-1.066667 -0.900000 -1.000000 -1.000000 -1.000000
-0.977778 -0.900000 -1.000000 -1.000000 -1.000000
-0.888889 -0.900000 -1.000000 -1.000000 -1.000000
-0.800000 -0.900000 -1.000000 -1.000000 -1.000000
-0.711111 -0.900000 -1.000000 -1.000000 -1.000000
-0.622222 -0.900000 -1.000000 -1.000000 -1.000000
-0.533333 -0.900000 -1.000000 -1.000000 -1.000000
-0.444444 -0.900000 -1.000000 -1.000000 -1.000000
-0.355556 -0.900000 0.873400 0.162736 0.478501
-0.266667 -0.900000 0.918975 0.176652 1.000000
-0.177778 -0.900000 0.949542 0.183005 1.000000
-0.088889 -0.900000 0.975596 0.186185 1.000000
0.000000 -0.900000 1.000000 0.187168 1.000000
0.088889 -0.900000 0.024404 0.186185 1.000000
0.177778 -0.900000 0.050458 0.183005 1.000000
0.266667 -0.900000 0.081025 0.176652 1.000000
0.355556 -0.900000 0.126600 0.162736 0.478501
0.444444 -0.900000 -1.000000 -1.000000 -1.000000
0.533333 -0.900000 -1.000000 -1.000000 -1.000000
0.622222 -0.900000 -1.000000 -1.000000 -1.000000
0.711111 -0.900000 -1.000000 -1.000000 -1.000000
0.800000 -0.900000 -1.000000 -1.000000 -1.000000
0.888889 -0.900000 -1.000000 -1.000000 -1.000000
0.977778 -0.900000 -1.000000 -1.000000 -1.000000
1.066667 -0.900000 -1.000000 -1.000000 -1.000000
1.155556 -0.900000 -1.000000 -1.000000 -1.000000
1.244444 -0.900000 -1.000000 -1.000000 -1.000000
1.333333 -0.900000 -1.000000 -1.000000 -1.000000
1.422222 -0.900000 -1.000000 -1.000000 -1.000000
1.511111 -0.900000 -1.000000 -1.000000 -1.000000
1.600000 -0.900000 -1.000000 -1.000000 -1.000000
1.688889 -0.900000 -1.000000 -1.000000 -1.000000
1.777778 -0.900000 -1.000000 -1.000000 -1.000000
-1.777778 -0.950000 -1.000000 -1.000000 -1.000000
-1.688889 -0.950000 -1.000000 -1.000000 -1.000000
-1.600000 -0.950000 -1.000000 -1.000000 -1.000000
-1.511111 -0.950000 -1.000000 -1.000000 -1.000000
-1.422222 -0.950000 -1.000000 -1.000000 -1.000000
-1.333333 -0.950000 -1.000000 -1.000000 -1.000000
-1.244444 -0.950000 -1.000000 -1.000000 -1.000000
-1.155556 -0.950000 -1.000000 -1.000000 -1.000000
-1.066667 -0.950000 -1.000000 -1.000000 -1.000000
-0.977778 -0.950000 -1.000000 -1.000000 -1.000000
-0.888889 -0.950000 -1.000000 -1.000000 -1.000000
-0.800000 -0.950000 -1.000000 -1.000000 -1.000000
-0.711111 -0.950000 -1.000000 -1.000000 -1.000000
-0.622222 -0.950000 -1.000000 -1.000000 -1.000000
-0.533333 -0.950000 -1.000000 -1.000000 -1.000000
-0.444444 -0.950000 -1.000000 -1.000000 -1.000000
-0.355556 -0.950000 -1.000000 -1.000000 -1.000000
-0.266667 -0.950000 -1.000000 -1.000000 -1.000000
-0.177778 -0.950000 0.926619 0.128297 0.218109
-0.088889 -0.950000 0.966855 0.137222 0.452934
0.000000 -0.950000 1.000000 0.139563 0.519043
0.088889 -0.950000 0.033145 0.137222 0.452934
0.177778 -0.950000 0.073381 0.128297 0.218109
0.266667 -0.950000 -1.000000 -1.000000 -1.000000
0.355556 -0.950000 -1.000000 -1.000000 -1.000000
0.444444 -0.950000 -1.000000 -1.000000 -1.000000
0.533333 -0.950000 -1.000000 -1.000000 -1.000000
0.622222 -0.950000 -1.000000 -1.000000 -1.000000
0.711111 -0.950000 -1.000000 -1.000000 -1.000000
0.800000 -0.950000 -1.000000 -1.000000 -1.000000
0.888889 -0.950000 -1.000000 -1.000000 -1.000000
0.977778 -0.950000 -1.000000 -1.000000 -1.000000
1.066667 -0.950000 -1.000000 -1.000000 -1.000000
1.155556 -0.950000 -1.000000 -1.000000 -1.000000
1.244444 -0.950000 -1.000000 -1.000000 -1.000000
1.333333 -0.950000 -1.000000 -1.000000 -1.000000
1.422222 -0.950000 -1.000000 -1.000000 -1.000000
1.511111 -0.950000 -1.000000 -1.000000 -1.000000
1.600000 -0.950000 -1.000000 -1.000000 -1.000000
1.688889 -0.950000 -1.000000 -1.000000 -1.000000
1.777778 -0.950000 -1.000000 -1.000000 -1.000000
-1.777778 -1.000000 -1.000000 -1.000000 -1.000000
-1.688889 -1.000000 -1.000000 -1.000000 -1.000000
-1.600000 -1.000000 -1.000000 -1.000000 -1.000000
-1.511111 -1.000000 -1.000000 -1.000000 -1.000000
-1.422222 -1.000000 -1.000000 -1.000000 -1.000000
-1.333333 -1.000000 -1.000000 -1.000000 -1.000000
-1.244444 -1.000000 -1.000000 -1.000000 -1.000000
-1.155556 -1.000000 -1.000000 -1.000000 -1.000000
-1.066667 -1.000000 -1.000000 -1.000000 -1.000000
-0.977778 -1.000000 -1.000000 -1.000000 -1.000000
-0.888889 -1.000000 -1.000000 -1.000000 -1.000000
-0.800000 -1.000000 -1.000000 -1.000000 -1.000000
-0.711111 -1.000000 -1.000000 -1.000000 -1.000000
-0.622222 -1.000000 -1.000000 -1.000000 -1.000000
-0.533333 -1.000000 -1.000000 -1.000000 -1.000000
-0.444444 -1.000000 -1.000000 -1.000000 -1.000000
-0.355556 -1.000000 -1.000000 -1.000000 -1.000000
-0.266667 -1.000000 -1.000000 -1.000000 -1.000000
-0.177778 -1.000000 -1.000000 -1.000000 -1.000000
-0.088889 -1.000000 -1.000000 -1.000000 -1.000000
0.000000 -1.000000 -1.000000 -1.000000 -1.000000
0.088889 -1.000000 -1.000000 -1.000000 -1.000000
0.177778 -1.000000 -1.000000 -1.000000 -1.000000
0.266667 -1.000000 -1.000000 -1.000000 -1.000000
0.355556 -1.000000 -1.000000 -1.000000 -1.000000
0.444444 -1.000000 -1.000000 -1.000000 -1.000000
0.533333 -1.000000 -1.000000 -1.000000 -1.000000
0.622222 -1.000000 -1.000000 -1.000000 -1.000000
0.711111 -1.000000 -1.000000 -1.000000 -1.000000
0.800000 -1.000000 -1.000000 -1.000000 -1.000000
0.888889 -1.000000 -1.000000 -1.000000 -1.000000
0.977778 -1.000000 -1.000000 -1.000000 -1.000000
1.066667 -1.000000 -1.000000 -1.000000 -1.000000
1.155556 -1.000000 -1.000000 -1.000000 -1.000000
1.244444 -1.000000 -1.000000 -1.000000 -1.000000
1.333333 -1.000000 -1.000000 -1.000000 -1.000000
1.422222 -1.000000 -1.000000 -1.000000 -1.000000
1.511111 -1.000000 -1.000000 -1.000000 -1.000000
1.600000 -1.000000 -1.000000 -1.000000 -1.000000
1.688889 -1.000000 -1.000000 -1.000000 -1.000000
1.777778 -1.000000 -1.000000 -1.000000 -1.000000
