2
21 21
-1.777778 1.000000 -1.000000 -1.000000 -1.000000
-1.600000 1.000000 -1.000000 -1.000000 -1.000000
-1.422222 1.000000 -1.000000 -1.000000 -1.000000
-1.244444 1.000000 -1.000000 -1.000000 -1.000000
-1.066667 1.000000 -1.000000 -1.000000 -1.000000
-0.888889 1.000000 -1.000000 -1.000000 -1.000000
-0.711111 1.000000 -1.000000 -1.000000 -1.000000
-0.533333 1.000000 -1.000000 -1.000000 -1.000000
-0.355556 1.000000 -1.000000 -1.000000 -1.000000
-0.177778 1.000000 -1.000000 -1.000000 -1.000000
0.000000 1.000000 -1.000000 -1.000000 -1.000000
0.177778 1.000000 -1.000000 -1.000000 -1.000000
0.355556 1.000000 -1.000000 -1.000000 -1.000000
0.533333 1.000000 -1.000000 -1.000000 -1.000000
0.711111 1.000000 -1.000000 -1.000000 -1.000000
0.888889 1.000000 -1.000000 -1.000000 -1.000000
1.066667 1.000000 -1.000000 -1.000000 -1.000000
1.244444 1.000000 -1.000000 -1.000000 -1.000000
1.422222 1.000000 -1.000000 -1.000000 -1.000000
1.600000 1.000000 -1.000000 -1.000000 -1.000000
1.777778 1.000000 -1.000000 -1.000000 -1.000000
-1.777778 0.900000 -1.000000 -1.000000 -1.000000
-1.600000 0.900000 -1.000000 -1.000000 -1.000000
-1.422222 0.900000 -1.000000 -1.000000 -1.000000
-1.244444 0.900000 -1.000000 -1.000000 -1.000000
-1.066667 0.900000 -1.000000 -1.000000 -1.000000
-0.888889 0.900000 -1.000000 -1.000000 -1.000000
-0.711111 0.900000 -1.000000 -1.000000 -1.000000
-0.533333 0.900000 -1.000000 -1.000000 -1.000000
-0.355556 0.900000 0.784604 0.843512 0.406831
-0.177778 0.900000 0.863903 0.826372 0.999389
0.000000 0.900000 0.916667 0.822805 1.000000
0.177778 0.900000 0.969430 0.826372 0.999389
0.355556 0.900000 0.048730 0.843512 0.406831
0.533333 0.900000 -1.000000 -1.000000 -1.000000
0.711111 0.900000 -1.000000 -1.000000 -1.000000
0.888889 0.900000 -1.000000 -1.000000 -1.000000
1.066667 0.900000 -1.000000 -1.000000 -1.000000
1.244444 0.900000 -1.000000 -1.000000 -1.000000
1.422222 0.900000 -1.000000 -1.000000 -1.000000
1.600000 0.900000 -1.000000 -1.000000 -1.000000
1.777778 0.900000 -1.000000 -1.000000 -1.000000
-1.777778 0.800000 -1.000000 -1.000000 -1.000000
-1.600000 0.800000 -1.000000 -1.000000 -1.000000
-1.422222 0.800000 -1.000000 -1.000000 -1.000000
-1.244444 0.800000 -1.000000 -1.000000 -1.000000
-1.066667 0.800000 -1.000000 -1.000000 -1.000000
-0.888889 0.800000 -1.000000 -1.000000 -1.000000
-0.711111 0.800000 -1.000000 -1.000000 -1.000000
-0.533333 0.800000 0.761191 0.784368 0.390528
-0.355556 0.800000 0.833052 0.769185 0.640145
-0.177778 0.800000 0.877699 0.763818 1.000000
0.000000 0.800000 0.916667 0.762282 1.000000
0.177778 0.800000 0.955635 0.763818 1.000000
0.355556 0.800000 0.000281 0.769185 0.640145
0.533333 0.800000 0.072143 0.784368 0.390528
0.711111 0.800000 -1.000000 -1.000000 -1.000000
0.888889 0.800000 -1.000000 -1.000000 -1.000000
1.066667 0.800000 -1.000000 -1.000000 -1.000000
1.244444 0.800000 -1.000000 -1.000000 -1.000000
1.422222 0.800000 -1.000000 -1.000000 -1.000000
1.600000 0.800000 -1.000000 -1.000000 -1.000000
1.777778 0.800000 -1.000000 -1.000000 -1.000000
-1.777778 0.700000 -1.000000 -1.000000 -1.000000
-1.600000 0.700000 -1.000000 -1.000000 -1.000000
-1.422222 0.700000 -1.000000 -1.000000 -1.000000
-1.244444 0.700000 -1.000000 -1.000000 -1.000000
-1.066667 0.700000 -1.000000 -1.000000 -1.000000
-0.888889 0.700000 -1.000000 -1.000000 -1.000000
-0.711111 0.700000 -1.000000 -1.000000 -1.000000
-0.533333 0.700000 0.801545 0.727675 0.500000
-0.355556 0.700000 0.847123 0.721105 0.654045
-0.177778 0.700000 0.883403 0.718044 1.000000
0.000000 0.700000 0.916667 0.717117 1.000000
0.177778 0.700000 0.949931 0.718044 1.000000
0.355556 0.700000 0.986210 0.721105 0.654045
0.533333 0.700000 0.031788 0.727675 0.500000
0.711111 0.700000 -1.000000 -1.000000 -1.000000
0.888889 0.700000 -1.000000 -1.000000 -1.000000
1.066667 0.700000 -1.000000 -1.000000 -1.000000
1.244444 0.700000 -1.000000 -1.000000 -1.000000
1.422222 0.700000 -1.000000 -1.000000 -1.000000
1.600000 0.700000 -1.000000 -1.000000 -1.000000
1.777778 0.700000 -1.000000 -1.000000 -1.000000
-1.777778 0.600000 -1.000000 -1.000000 -1.000000
-1.600000 0.600000 -1.000000 -1.000000 -1.000000
-1.422222 0.600000 -1.000000 -1.000000 -1.000000
-1.244444 0.600000 -1.000000 -1.000000 -1.000000
-1.066667 0.600000 -1.000000 -1.000000 -1.000000
-0.888889 0.600000 -1.000000 -1.000000 -1.000000
-0.711111 0.600000 0.761037 0.694340 0.493158
-0.533333 0.600000 0.816921 0.685650 0.500102
-0.355556 0.600000 0.854569 0.681631 0.663785
-0.177778 0.600000 0.886643 0.679613 1.000000
0.000000 0.600000 0.916667 0.678988 1.000000
0.177778 0.600000 0.946691 0.679613 1.000000
0.355556 0.600000 0.978764 0.681631 0.663785
0.533333 0.600000 0.016413 0.685650 0.500102
0.711111 0.600000 0.072296 0.694340 0.493158
0.888889 0.600000 -1.000000 -1.000000 -1.000000
1.066667 0.600000 -1.000000 -1.000000 -1.000000
1.244444 0.600000 -1.000000 -1.000000 -1.000000
1.422222 0.600000 -1.000000 -1.000000 -1.000000
1.600000 0.600000 -1.000000 -1.000000 -1.000000
1.777778 0.600000 -1.000000 -1.000000 -1.000000
-1.777778 0.500000 -1.000000 -1.000000 -1.000000
-1.600000 0.500000 -1.000000 -1.000000 -1.000000
-1.422222 0.500000 -1.000000 -1.000000 -1.000000
-1.244444 0.500000 -1.000000 -1.000000 -1.000000
-1.066667 0.500000 -1.000000 -1.000000 -1.000000
-0.888889 0.500000 -1.000000 -1.000000 -1.000000
-0.711111 0.500000 0.781488 0.654619 0.500000
-0.533333 0.500000 0.825618 0.649499 0.500660
-0.355556 0.500000 0.859187 0.646795 0.671025
-0.177778 0.500000 0.888715 0.645389 1.000000
0.000000 0.500000 0.916667 0.644948 1.000000
0.177778 0.500000 0.944618 0.645389 1.000000
0.355556 0.500000 0.974146 0.646795 0.671025
0.533333 0.500000 0.007716 0.649499 0.500660
0.711111 0.500000 0.051845 0.654619 0.500000
0.888889 0.500000 -1.000000 -1.000000 -1.000000
1.066667 0.500000 -1.000000 -1.000000 -1.000000
1.244444 0.500000 -1.000000 -1.000000 -1.000000
1.422222 0.500000 -1.000000 -1.000000 -1.000000
1.600000 0.500000 -1.000000 -1.000000 -1.000000
1.777778 0.500000 -1.000000 -1.000000 -1.000000
-1.777778 0.400000 -1.000000 -1.000000 -1.000000
-1.600000 0.400000 -1.000000 -1.000000 -1.000000
-1.422222 0.400000 -1.000000 -1.000000 -1.000000
-1.244444 0.400000 -1.000000 -1.000000 -1.000000
-1.066667 0.400000 -1.000000 -1.000000 -1.000000
-0.888889 0.400000 0.713987 0.629334 0.220971
-0.711111 0.400000 0.792331 0.620043 0.500000
-0.533333 0.400000 0.831121 0.616702 0.501348
-0.355556 0.400000 0.862240 0.614833 0.676452
-0.177778 0.400000 0.890109 0.613841 1.000000
0.000000 0.400000 0.916667 0.613528 1.000000
0.177778 0.400000 0.943225 0.613841 1.000000
0.355556 0.400000 0.971094 0.614833 0.676452
0.533333 0.400000 0.002212 0.616702 0.501348
0.711111 0.400000 0.041002 0.620043 0.500000
0.888889 0.400000 0.119347 0.629334 0.220971
1.066667 0.400000 -1.000000 -1.000000 -1.000000
1.244444 0.400000 -1.000000 -1.000000 -1.000000
1.422222 0.400000 -1.000000 -1.000000 -1.000000
1.600000 0.400000 -1.000000 -1.000000 -1.000000
1.777778 0.400000 -1.000000 -1.000000 -1.000000
-1.777778 0.300000 -1.000000 -1.000000 -1.000000
-1.600000 0.300000 -1.000000 -1.000000 -1.000000
-1.422222 0.300000 -1.000000 -1.000000 -1.000000
-1.244444 0.300000 -1.000000 -1.000000 -1.000000
-1.066667 0.300000 -1.000000 -1.000000 -1.000000
-0.888889 0.300000 0.741892 0.592919 0.482413
-0.711111 0.300000 0.798903 0.588211 0.500000
-0.533333 0.300000 0.834719 0.586015 0.501980
-0.355556 0.300000 0.864284 0.584747 0.680423
-0.177778 0.300000 0.891052 0.584066 1.000000
0.000000 0.300000 0.916667 0.583851 1.000000
0.177778 0.300000 0.942281 0.584066 1.000000
0.355556 0.300000 0.969049 0.584747 0.680423
0.533333 0.300000 0.998614 0.586015 0.501980
0.711111 0.300000 0.034430 0.588211 0.500000
0.888889 0.300000 0.091442 0.592919 0.482413
1.066667 0.300000 -1.000000 -1.000000 -1.000000
1.244444 0.300000 -1.000000 -1.000000 -1.000000
1.422222 0.300000 -1.000000 -1.000000 -1.000000
1.600000 0.300000 -1.000000 -1.000000 -1.000000
1.777778 0.300000 -1.000000 -1.000000 -1.000000
-1.777778 0.200000 -1.000000 -1.000000 -1.000000
-1.600000 0.200000 -1.000000 -1.000000 -1.000000
-1.422222 0.200000 -1.000000 -1.000000 -1.000000
-1.244444 0.200000 -1.000000 -1.000000 -1.000000
-1.066667 0.200000 -1.000000 -1.000000 -1.000000
-0.888889 0.200000 0.752621 0.560680 0.500000
-0.711111 0.200000 0.802919 0.558022 0.500000
-0.533333 0.200000 0.837006 0.556675 0.502470
-0.355556 0.200000 0.865603 0.555884 0.683145
-0.177778 0.200000 0.891664 0.555457 1.000000
0.000000 0.200000 0.916667 0.555321 1.000000
0.177778 0.200000 0.941669 0.555457 1.000000
0.355556 0.200000 0.967730 0.555884 0.683145
0.533333 0.200000 0.996328 0.556675 0.502470
0.711111 0.200000 0.030415 0.558022 0.500000
0.888889 0.200000 0.080712 0.560680 0.500000
1.066667 0.200000 -1.000000 -1.000000 -1.000000
1.244444 0.200000 -1.000000 -1.000000 -1.000000
1.422222 0.200000 -1.000000 -1.000000 -1.000000
1.600000 0.200000 -1.000000 -1.000000 -1.000000
1.777778 0.200000 -1.000000 -1.000000 -1.000000
-1.777778 0.100000 -1.000000 -1.000000 -1.000000
-1.600000 0.100000 -1.000000 -1.000000 -1.000000
-1.422222 0.100000 -1.000000 -1.000000 -1.000000
-1.244444 0.100000 -1.000000 -1.000000 -1.000000
-1.066667 0.100000 -1.000000 -1.000000 -1.000000
-0.888889 0.100000 0.757768 0.530013 0.500000
-0.711111 0.100000 0.805112 0.528789 0.500000
-0.533333 0.100000 0.838282 0.528147 0.502777
-0.355556 0.100000 0.866345 0.527766 0.684736
-0.177778 0.100000 0.892010 0.527559 1.000000
0.000000 0.100000 0.916667 0.527493 1.000000
0.177778 0.100000 0.941324 0.527559 1.000000
0.355556 0.100000 0.966988 0.527766 0.684736
0.533333 0.100000 0.995051 0.528147 0.502777
0.711111 0.100000 0.028221 0.528789 0.500000
0.888889 0.100000 0.075566 0.530013 0.500000
1.066667 0.100000 -1.000000 -1.000000 -1.000000
1.244444 0.100000 -1.000000 -1.000000 -1.000000
1.422222 0.100000 -1.000000 -1.000000 -1.000000
1.600000 0.100000 -1.000000 -1.000000 -1.000000
1.777778 0.100000 -1.000000 -1.000000 -1.000000
-1.777778 0.000000 -1.000000 -1.000000 -1.000000
-1.600000 0.000000 -1.000000 -1.000000 -1.000000
-1.422222 0.000000 -1.000000 -1.000000 -1.000000
-1.244444 0.000000 -1.000000 -1.000000 -1.000000
-1.066667 0.000000 -1.000000 -1.000000 -1.000000
-0.888889 0.000000 0.759332 0.500000 0.500000
-0.711111 0.000000 0.805812 0.500000 0.500000
-0.533333 0.000000 0.838693 0.500000 0.502881
-0.355556 0.000000 0.866585 0.500000 0.685260
-0.177778 0.000000 0.892122 0.500000 1.000000
0.000000 0.000000 0.916667 0.500000 1.000000
0.177778 0.000000 0.941212 0.500000 1.000000
0.355556 0.000000 0.966748 0.500000 0.685260
0.533333 0.000000 0.994641 0.500000 0.502881
0.711111 0.000000 0.027521 0.500000 0.500000
0.888889 0.000000 0.074001 0.500000 0.500000
1.066667 0.000000 -1.000000 -1.000000 -1.000000
1.244444 0.000000 -1.000000 -1.000000 -1.000000
1.422222 0.000000 -1.000000 -1.000000 -1.000000
1.600000 0.000000 -1.000000 -1.000000 -1.000000
1.777778 0.000000 -1.000000 -1.000000 -1.000000
-1.777778 -0.100000 -1.000000 -1.000000 -1.000000
-1.600000 -0.100000 -1.000000 -1.000000 -1.000000
-1.422222 -0.100000 -1.000000 -1.000000 -1.000000
-1.244444 -0.100000 -1.000000 -1.000000 -1.000000
-1.066667 -0.100000 -1.000000 -1.000000 -1.000000
-0.888889 -0.100000 0.757768 0.469987 0.500000
-0.711111 -0.100000 0.805112 0.471211 0.500000
-0.533333 -0.100000 0.838282 0.471853 0.502777
-0.355556 -0.100000 0.866345 0.472234 0.684736
-0.177778 -0.100000 0.892010 0.472441 1.000000
0.000000 -0.100000 0.916667 0.472507 1.000000
0.177778 -0.100000 0.941324 0.472441 1.000000
0.355556 -0.100000 0.966988 0.472234 0.684736
0.533333 -0.100000 0.995051 0.471853 0.502777
0.711111 -0.100000 0.028221 0.471211 0.500000
0.888889 -0.100000 0.075566 0.469987 0.500000
1.066667 -0.100000 -1.000000 -1.000000 -1.000000
1.244444 -0.100000 -1.000000 -1.000000 -1.000000
1.422222 -0.100000 -1.000000 -1.000000 -1.000000
1.600000 -0.100000 -1.000000 -1.000000 -1.000000
1.777778 -0.100000 -1.000000 -1.000000 -1.000000
-1.777778 -0.200000 -1.000000 -1.000000 -1.000000
-1.600000 -0.200000 -1.000000 -1.000000 -1.000000
-1.422222 -0.200000 -1.000000 -1.000000 -1.000000
-1.244444 -0.200000 -1.000000 -1.000000 -1.000000
-1.066667 -0.200000 -1.000000 -1.000000 -1.000000
-0.888889 -0.200000 0.752621 0.439320 0.500000
-0.711111 -0.200000 0.802919 0.441978 0.500000
-0.533333 -0.200000 0.837006 0.443325 0.502470
-0.355556 -0.200000 0.865603 0.444116 0.683145
-0.177778 -0.200000 0.891664 0.444543 1.000000
0.000000 -0.200000 0.916667 0.444679 1.000000
0.177778 -0.200000 0.941669 0.444543 1.000000
0.355556 -0.200000 0.967730 0.444116 0.683145
0.533333 -0.200000 0.996328 0.443325 0.502470
0.711111 -0.200000 0.030415 0.441978 0.500000
0.888889 -0.200000 0.080712 0.439320 0.500000
1.066667 -0.200000 -1.000000 -1.000000 -1.000000
1.244444 -0.200000 -1.000000 -1.000000 -1.000000
1.422222 -0.200000 -1.000000 -1.000000 -1.000000
1.600000 -0.200000 -1.000000 -1.000000 -1.000000
1.777778 -0.200000 -1.000000 -1.000000 -1.000000
-1.777778 -0.300000 -1.000000 -1.000000 -1.000000
-1.600000 -0.300000 -1.000000 -1.000000 -1.000000
-1.422222 -0.300000 -1.000000 -1.000000 -1.000000
-1.244444 -0.300000 -1.000000 -1.000000 -1.000000
-1.066667 -0.300000 -1.000000 -1.000000 -1.000000
-0.888889 -0.300000 0.741892 0.407081 0.482413
-0.711111 -0.300000 0.798903 0.411789 0.500000
-0.533333 -0.300000 0.834719 0.413985 0.501980
-0.355556 -0.300000 0.864284 0.415253 0.680423
-0.177778 -0.300000 0.891052 0.415934 1.000000
0.000000 -0.300000 0.916667 0.416149 1.000000
0.177778 -0.300000 0.942281 0.415934 1.000000
0.355556 -0.300000 0.969049 0.415253 0.680423
0.533333 -0.300000 0.998614 0.413985 0.501980
0.711111 -0.300000 0.034430 0.411789 0.500000
0.888889 -0.300000 0.091442 0.407081 0.482413
1.066667 -0.300000 -1.000000 -1.000000 -1.000000
1.244444 -0.300000 -1.000000 -1.000000 -1.000000
1.422222 -0.300000 -1.000000 -1.000000 -1.000000
1.600000 -0.300000 -1.000000 -1.000000 -1.000000
1.777778 -0.300000 -1.000000 -1.000000 -1.000000
-1.777778 -0.400000 -1.000000 -1.000000 -1.000000
-1.600000 -0.400000 -1.000000 -1.000000 -1.000000
-1.422222 -0.400000 -1.000000 -1.000000 -1.000000
-1.244444 -0.400000 -1.000000 -1.000000 -1.000000
-1.066667 -0.400000 -1.000000 -1.000000 -1.000000
-0.888889 -0.400000 0.713987 0.370666 0.220971
-0.711111 -0.400000 0.792331 0.379957 0.500000
-0.533333 -0.400000 0.831121 0.383298 0.501348
-0.355556 -0.400000 0.862240 0.385167 0.676452
-0.177778 -0.400000 0.890109 0.386159 1.000000
0.000000 -0.400000 0.916667 0.386472 1.000000
0.177778 -0.400000 0.943225 0.386159 1.000000
0.355556 -0.400000 0.971094 0.385167 0.676452
0.533333 -0.400000 0.002212 0.383298 0.501348
0.711111 -0.400000 0.041002 0.379957 0.500000
0.888889 -0.400000 0.119347 0.370666 0.220971
1.066667 -0.400000 -1.000000 -1.000000 -1.000000
1.244444 -0.400000 -1.000000 -1.000000 -1.000000
1.422222 -0.400000 -1.000000 -1.000000 -1.000000
1.600000 -0.400000 -1.000000 -1.000000 -1.000000
1.777778 -0.400000 -1.000000 -1.000000 -1.000000
-1.777778 -0.500000 -1.000000 -1.000000 -1.000000
-1.600000 -0.500000 -1.000000 -1.000000 -1.000000
-1.422222 -0.500000 -1.000000 -1.000000 -1.000000
-1.244444 -0.500000 -1.000000 -1.000000 -1.000000
-1.066667 -0.500000 -1.000000 -1.000000 -1.000000
-0.888889 -0.500000 -1.000000 -1.000000 -1.000000
-0.711111 -0.500000 0.781488 0.345381 0.500000
-0.533333 -0.500000 0.825618 0.350501 0.500660
-0.355556 -0.500000 0.859187 0.353205 0.671025
-0.177778 -0.500000 0.888715 0.354611 1.000000
0.000000 -0.500000 0.916667 0.355052 1.000000
0.177778 -0.500000 0.944618 0.354611 1.000000
0.355556 -0.500000 0.974146 0.353205 0.671025
0.533333 -0.500000 0.007716 0.350501 0.500660
0.711111 -0.500000 0.051845 0.345381 0.500000
0.888889 -0.500000 -1.000000 -1.000000 -1.000000
1.066667 -0.500000 -1.000000 -1.000000 -1.000000
1.244444 -0.500000 -1.000000 -1.000000 -1.000000
1.422222 -0.500000 -1.000000 -1.000000 -1.000000
1.600000 -0.500000 -1.000000 -1.000000 -1.000000
1.777778 -0.500000 -1.000000 -1.000000 -1.000000
-1.777778 -0.600000 -1.000000 -1.000000 -1.000000
-1.600000 -0.600000 -1.000000 -1.000000 -1.000000
-1.422222 -0.600000 -1.000000 -1.000000 -1.000000
-1.244444 -0.600000 -1.000000 -1.000000 -1.000000
-1.066667 -0.600000 -1.000000 -1.000000 -1.000000
-0.888889 -0.600000 -1.000000 -1.000000 -1.000000
-0.711111 -0.600000 0.761037 0.305660 0.493158
-0.533333 -0.600000 0.816921 0.314350 0.500102
-0.355556 -0.600000 0.854569 0.318369 0.663785
-0.177778 -0.600000 0.886643 0.320387 1.000000
0.000000 -0.600000 0.916667 0.321012 1.000000
0.177778 -0.600000 0.946691 0.320387 1.000000
0.355556 -0.600000 0.978764 0.318369 0.663785
0.533333 -0.600000 0.016413 0.314350 0.500102
0.711111 -0.600000 0.072296 0.305660 0.493158
0.888889 -0.600000 -1.000000 -1.000000 -1.000000
1.066667 -0.600000 -1.000000 -1.000000 -1.000000
1.244444 -0.600000 -1.000000 -1.000000 -1.000000
1.422222 -0.600000 -1.000000 -1.000000 -1.000000
1.600000 -0.600000 -1.000000 -1.000000 -1.000000
1.777778 -0.600000 -1.000000 -1.000000 -1.000000
-1.777778 -0.700000 -1.000000 -1.000000 -1.000000
-1.600000 -0.700000 -1.000000 -1.000000 -1.000000
-1.422222 -0.700000 -1.000000 -1.000000 -1.000000
-1.244444 -0.700000 -1.000000 -1.000000 -1.000000
-1.066667 -0.700000 -1.000000 -1.000000 -1.000000
-0.888889 -0.700000 -1.000000 -1.000000 -1.000000
-0.711111 -0.700000 -1.000000 -1.000000 -1.000000
-0.533333 -0.700000 0.801545 0.272325 0.500000
-0.355556 -0.700000 0.847123 0.278895 0.654045
-0.177778 -0.700000 0.883403 0.281956 1.000000
0.000000 -0.700000 0.916667 0.282883 1.000000
0.177778 -0.700000 0.949931 0.281956 1.000000
0.355556 -0.700000 0.986210 0.278895 0.654045
0.533333 -0.700000 0.031788 0.272325 0.500000
0.711111 -0.700000 -1.000000 -1.000000 -1.000000
0.888889 -0.700000 -1.000000 -1.000000 -1.000000
1.066667 -0.700000 -1.000000 -1.000000 -1.000000
1.244444 -0.700000 -1.000000 -1.000000 -1.000000
1.422222 -0.700000 -1.000000 -1.000000 -1.000000
1.600000 -0.700000 -1.000000 -1.000000 -1.000000
1.777778 -0.700000 -1.000000 -1.000000 -1.000000
-1.777778 -0.800000 -1.000000 -1.000000 -1.000000
-1.600000 -0.800000 -1.000000 -1.000000 -1.000000
-1.422222 -0.800000 -1.000000 -1.000000 -1.000000
-1.244444 -0.800000 -1.000000 -1.000000 -1.000000
-1.066667 -0.800000 -1.000000 -1.000000 -1.000000
-0.888889 -0.800000 -1.000000 -1.000000 -1.000000
-0.711111 -0.800000 -1.000000 -1.000000 -1.000000
-0.533333 -0.800000 0.761191 0.215632 0.390528
-0.355556 -0.800000 0.833052 0.230815 0.640145
-0.177778 -0.800000 0.877699 0.236182 1.000000
0.000000 -0.800000 0.916667 0.237718 1.000000
0.177778 -0.800000 0.955635 0.236182 1.000000
0.355556 -0.800000 0.000281 0.230815 0.640145
0.533333 -0.800000 0.072143 0.215632 0.390528
0.711111 -0.800000 -1.000000 -1.000000 -1.000000
0.888889 -0.800000 -1.000000 -1.000000 -1.000000
1.066667 -0.800000 -1.000000 -1.000000 -1.000000
1.244444 -0.800000 -1.000000 -1.000000 -1.000000
1.422222 -0.800000 -1.000000 -1.000000 -1.000000
1.600000 -0.800000 -1.000000 -1.000000 -1.000000
1.777778 -0.800000 -1.000000 -1.000000 -1.000000
-1.777778 -0.900000 -1.000000 -1.000000 -1.000000
-1.600000 -0.900000 -1.000000 -1.000000 -1.000000
-1.422222 -0.900000 -1.000000 -1.000000 -1.000000
-1.244444 -0.900000 -1.000000 -1.000000 -1.000000
-1.066667 -0.900000 -1.000000 -1.000000 -1.000000
-0.888889 -0.900000 -1.000000 -1.000000 -1.000000
-0.711111 -0.900000 -1.000000 -1.000000 -1.000000
-0.533333 -0.900000 -1.000000 -1.000000 -1.000000
-0.355556 -0.900000 0.784604 0.156488 0.406831
-0.177778 -0.900000 0.863903 0.173628 0.999389
0.000000 -0.900000 0.916667 0.177195 1.000000
0.177778 -0.900000 0.969430 0.173628 0.999389
0.355556 -0.900000 0.048730 0.156488 0.406831
0.533333 -0.900000 -1.000000 -1.000000 -1.000000
0.711111 -0.900000 -1.000000 -1.000000 -1.000000
0.888889 -0.900000 -1.000000 -1.000000 -1.000000
1.066667 -0.900000 -1.000000 -1.000000 -1.000000
1.244444 -0.900000 -1.000000 -1.000000 -1.000000
1.422222 -0.900000 -1.000000 -1.000000 -1.000000
1.600000 -0.900000 -1.000000 -1.000000 -1.000000
1.777778 -0.900000 -1.000000 -1.000000 -1.000000
-1.777778 -1.000000 -1.000000 -1.000000 -1.000000
-1.600000 -1.000000 -1.000000 -1.000000 -1.000000
-1.422222 -1.000000 -1.000000 -1.000000 -1.000000
-1.244444 -1.000000 -1.000000 -1.000000 -1.000000
-1.066667 -1.000000 -1.000000 -1.000000 -1.000000
-0.888889 -1.000000 -1.000000 -1.000000 -1.000000
-0.711111 -1.000000 -1.000000 -1.000000 -1.000000
-0.533333 -1.000000 -1.000000 -1.000000 -1.000000
-0.355556 -1.000000 -1.000000 -1.000000 -1.000000
-0.177778 -1.000000 -1.000000 -1.000000 -1.000000
0.000000 -1.000000 -1.000000 -1.000000 -1.000000
0.177778 -1.000000 -1.000000 -1.000000 -1.000000
0.355556 -1.000000 -1.000000 -1.000000 -1.000000
0.533333 -1.000000 -1.000000 -1.000000 -1.000000
0.711111 -1.000000 -1.000000 -1.000000 -1.000000
0.888889 -1.000000 -1.000000 -1.000000 -1.000000
1.066667 -1.000000 -1.000000 -1.000000 -1.000000
1.244444 -1.000000 -1.000000 -1.000000 -1.000000
1.422222 -1.000000 -1.000000 -1.000000 -1.000000
1.600000 -1.000000 -1.000000 -1.000000 -1.000000
1.777778 -1.000000 -1.000000 -1.000000 -1.000000
