2
41 41
-1.777778 1.000000 -1.000000 -1.000000 -1.000000
-1.688889 1.000000 -1.000000 -1.000000 -1.000000
-1.600000 1.000000 -1.000000 -1.000000 -1.000000
-1.511111 1.000000 -1.000000 -1.000000 -1.000000
-1.422222 1.000000 -1.000000 -1.000000 -1.000000
-1.333333 1.000000 -1.000000 -1.000000 -1.000000
-1.244444 1.000000 -1.000000 -1.000000 -1.000000
-1.155556 1.000000 -1.000000 -1.000000 -1.000000
-1.066667 1.000000 -1.000000 -1.000000 -1.000000
-0.977778 1.000000 -1.000000 -1.000000 -1.000000
-0.888889 1.000000 -1.000000 -1.000000 -1.000000
-0.800000 1.000000 -1.000000 -1.000000 -1.000000
-0.711111 1.000000 -1.000000 -1.000000 -1.000000
-0.622222 1.000000 -1.000000 -1.000000 -1.000000
-0.533333 1.000000 -1.000000 -1.000000 -1.000000
-0.444444 1.000000 -1.000000 -1.000000 -1.000000
-0.355556 1.000000 -1.000000 -1.000000 -1.000000
-0.266667 1.000000 -1.000000 -1.000000 -1.000000
-0.177778 1.000000 -1.000000 -1.000000 -1.000000
-0.088889 1.000000 -1.000000 -1.000000 -1.000000
0.000000 1.000000 -1.000000 -1.000000 -1.000000
0.088889 1.000000 -1.000000 -1.000000 -1.000000
0.177778 1.000000 -1.000000 -1.000000 -1.000000
0.266667 1.000000 -1.000000 -1.000000 -1.000000
0.355556 1.000000 -1.000000 -1.000000 -1.000000
0.444444 1.000000 -1.000000 -1.000000 -1.000000
0.533333 1.000000 -1.000000 -1.000000 -1.000000
0.622222 1.000000 -1.000000 -1.000000 -1.000000
0.711111 1.000000 -1.000000 -1.000000 -1.000000
0.800000 1.000000 -1.000000 -1.000000 -1.000000
0.888889 1.000000 -1.000000 -1.000000 -1.000000
0.977778 1.000000 -1.000000 -1.000000 -1.000000
1.066667 1.000000 -1.000000 -1.000000 -1.000000
1.155556 1.000000 -1.000000 -1.000000 -1.000000
1.244444 1.000000 -1.000000 -1.000000 -1.000000
1.333333 1.000000 -1.000000 -1.000000 -1.000000
1.422222 1.000000 -1.000000 -1.000000 -1.000000
1.511111 1.000000 -1.000000 -1.000000 -1.000000
1.600000 1.000000 -1.000000 -1.000000 -1.000000
1.688889 1.000000 -1.000000 -1.000000 -1.000000
1.777778 1.000000 -1.000000 -1.000000 -1.000000
-1.777778 0.950000 -1.000000 -1.000000 -1.000000
-1.688889 0.950000 -1.000000 -1.000000 -1.000000
-1.600000 0.950000 -1.000000 -1.000000 -1.000000
-1.511111 0.950000 -1.000000 -1.000000 -1.000000
-1.422222 0.950000 -1.000000 -1.000000 -1.000000
-1.333333 0.950000 -1.000000 -1.000000 -1.000000
-1.244444 0.950000 -1.000000 -1.000000 -1.000000
-1.155556 0.950000 -1.000000 -1.000000 -1.000000
-1.066667 0.950000 -1.000000 -1.000000 -1.000000
-0.977778 0.950000 -1.000000 -1.000000 -1.000000
-0.888889 0.950000 -1.000000 -1.000000 -1.000000
-0.800000 0.950000 -1.000000 -1.000000 -1.000000
-0.711111 0.950000 -1.000000 -1.000000 -1.000000
-0.622222 0.950000 -1.000000 -1.000000 -1.000000
-0.533333 0.950000 -1.000000 -1.000000 -1.000000
-0.444444 0.950000 -1.000000 -1.000000 -1.000000
-0.355556 0.950000 -1.000000 -1.000000 -1.000000
-0.266667 0.950000 -1.000000 -1.000000 -1.000000
-0.177778 0.950000 0.099719 0.908041 0.000000
-0.088889 0.950000 0.067675 0.936137 0.000000
0.000000 0.950000 1.000000 0.946227 0.000000
0.088889 0.950000 0.932325 0.936137 0.000000
0.177778 0.950000 0.900281 0.908041 0.000000
0.266667 0.950000 -1.000000 -1.000000 -1.000000
0.355556 0.950000 -1.000000 -1.000000 -1.000000
0.444444 0.950000 -1.000000 -1.000000 -1.000000
0.533333 0.950000 -1.000000 -1.000000 -1.000000
0.622222 0.950000 -1.000000 -1.000000 -1.000000
0.711111 0.950000 -1.000000 -1.000000 -1.000000
0.800000 0.950000 -1.000000 -1.000000 -1.000000
0.888889 0.950000 -1.000000 -1.000000 -1.000000
0.977778 0.950000 -1.000000 -1.000000 -1.000000
1.066667 0.950000 -1.000000 -1.000000 -1.000000
1.155556 0.950000 -1.000000 -1.000000 -1.000000
1.244444 0.950000 -1.000000 -1.000000 -1.000000
1.333333 0.950000 -1.000000 -1.000000 -1.000000
1.422222 0.950000 -1.000000 -1.000000 -1.000000
1.511111 0.950000 -1.000000 -1.000000 -1.000000
1.600000 0.950000 -1.000000 -1.000000 -1.000000
1.688889 0.950000 -1.000000 -1.000000 -1.000000
1.777778 0.950000 -1.000000 -1.000000 -1.000000
-1.777778 0.900000 -1.000000 -1.000000 -1.000000
-1.688889 0.900000 -1.000000 -1.000000 -1.000000
-1.600000 0.900000 -1.000000 -1.000000 -1.000000
-1.511111 0.900000 -1.000000 -1.000000 -1.000000
-1.422222 0.900000 -1.000000 -1.000000 -1.000000
-1.333333 0.900000 -1.000000 -1.000000 -1.000000
-1.244444 0.900000 -1.000000 -1.000000 -1.000000
-1.155556 0.900000 -1.000000 -1.000000 -1.000000
-1.066667 0.900000 -1.000000 -1.000000 -1.000000
-0.977778 0.900000 -1.000000 -1.000000 -1.000000
-0.888889 0.900000 -1.000000 -1.000000 -1.000000
-0.800000 0.900000 -1.000000 -1.000000 -1.000000
-0.711111 0.900000 -1.000000 -1.000000 -1.000000
-0.622222 0.900000 -1.000000 -1.000000 -1.000000
-0.533333 0.900000 -1.000000 -1.000000 -1.000000
-0.444444 0.900000 -1.000000 -1.000000 -1.000000
-0.355556 0.900000 0.161749 0.871185 0.230325
-0.266667 0.900000 0.183534 0.914348 0.000000
-0.177778 0.900000 0.192349 0.945459 0.000000
-0.088889 0.900000 0.181469 0.972267 0.000000
0.000000 0.900000 1.000000 0.990825 0.000000
0.088889 0.900000 0.818531 0.972267 0.000000
0.177778 0.900000 0.807651 0.945459 0.000000
0.266667 0.900000 0.816466 0.914348 0.000000
0.355556 0.900000 0.838251 0.871185 0.230325
0.444444 0.900000 -1.000000 -1.000000 -1.000000
0.533333 0.900000 -1.000000 -1.000000 -1.000000
0.622222 0.900000 -1.000000 -1.000000 -1.000000
0.711111 0.900000 -1.000000 -1.000000 -1.000000
0.800000 0.900000 -1.000000 -1.000000 -1.000000
0.888889 0.900000 -1.000000 -1.000000 -1.000000
0.977778 0.900000 -1.000000 -1.000000 -1.000000
1.066667 0.900000 -1.000000 -1.000000 -1.000000
1.155556 0.900000 -1.000000 -1.000000 -1.000000
1.244444 0.900000 -1.000000 -1.000000 -1.000000
1.333333 0.900000 -1.000000 -1.000000 -1.000000
1.422222 0.900000 -1.000000 -1.000000 -1.000000
1.511111 0.900000 -1.000000 -1.000000 -1.000000
1.600000 0.900000 -1.000000 -1.000000 -1.000000
1.688889 0.900000 -1.000000 -1.000000 -1.000000
1.777778 0.900000 -1.000000 -1.000000 -1.000000
-1.777778 0.850000 -1.000000 -1.000000 -1.000000
-1.688889 0.850000 -1.000000 -1.000000 -1.000000
-1.600000 0.850000 -1.000000 -1.000000 -1.000000
-1.511111 0.850000 -1.000000 -1.000000 -1.000000
-1.422222 0.850000 -1.000000 -1.000000 -1.000000
-1.333333 0.850000 -1.000000 -1.000000 -1.000000
-1.244444 0.850000 -1.000000 -1.000000 -1.000000
-1.155556 0.850000 -1.000000 -1.000000 -1.000000
-1.066667 0.850000 -1.000000 -1.000000 -1.000000
-0.977778 0.850000 -1.000000 -1.000000 -1.000000
-0.888889 0.850000 -1.000000 -1.000000 -1.000000
-0.800000 0.850000 -1.000000 -1.000000 -1.000000
-0.711111 0.850000 -1.000000 -1.000000 -1.000000
-0.622222 0.850000 -1.000000 -1.000000 -1.000000
-0.533333 0.850000 -1.000000 -1.000000 -1.000000
-0.444444 0.850000 0.197534 0.856046 0.641265
-0.355556 0.850000 0.230031 0.895550 0.000000
-0.266667 0.850000 0.259185 0.924230 0.000000
-0.177778 0.850000 0.295676 0.948270 0.000000
-0.088889 0.850000 0.359449 0.968181 0.000000
0.000000 0.850000 0.500000 0.978036 0.000000
0.088889 0.850000 0.640551 0.968181 0.000000
0.177778 0.850000 0.704324 0.948270 0.000000
0.266667 0.850000 0.740815 0.924230 0.000000
0.355556 0.850000 0.769969 0.895550 0.000000
0.444444 0.850000 0.802466 0.856046 0.641265
0.533333 0.850000 -1.000000 -1.000000 -1.000000
0.622222 0.850000 -1.000000 -1.000000 -1.000000
0.711111 0.850000 -1.000000 -1.000000 -1.000000
0.800000 0.850000 -1.000000 -1.000000 -1.000000
0.888889 0.850000 -1.000000 -1.000000 -1.000000
0.977778 0.850000 -1.000000 -1.000000 -1.000000
1.066667 0.850000 -1.000000 -1.000000 -1.000000
1.155556 0.850000 -1.000000 -1.000000 -1.000000
1.244444 0.850000 -1.000000 -1.000000 -1.000000
1.333333 0.850000 -1.000000 -1.000000 -1.000000
1.422222 0.850000 -1.000000 -1.000000 -1.000000
1.511111 0.850000 -1.000000 -1.000000 -1.000000
1.600000 0.850000 -1.000000 -1.000000 -1.000000
1.688889 0.850000 -1.000000 -1.000000 -1.000000
1.777778 0.850000 -1.000000 -1.000000 -1.000000
-1.777778 0.800000 -1.000000 -1.000000 -1.000000
-1.688889 0.800000 -1.000000 -1.000000 -1.000000
-1.600000 0.800000 -1.000000 -1.000000 -1.000000
-1.511111 0.800000 -1.000000 -1.000000 -1.000000
-1.422222 0.800000 -1.000000 -1.000000 -1.000000
-1.333333 0.800000 -1.000000 -1.000000 -1.000000
-1.244444 0.800000 -1.000000 -1.000000 -1.000000
-1.155556 0.800000 -1.000000 -1.000000 -1.000000
-1.066667 0.800000 -1.000000 -1.000000 -1.000000
-0.977778 0.800000 -1.000000 -1.000000 -1.000000
-0.888889 0.800000 -1.000000 -1.000000 -1.000000
-0.800000 0.800000 -1.000000 -1.000000 -1.000000
-0.711111 0.800000 -1.000000 -1.000000 -1.000000
-0.622222 0.800000 -1.000000 -1.000000 -1.000000
-0.533333 0.800000 0.211976 0.828851 1.000000
-0.444444 0.800000 0.249942 0.869696 0.266678
-0.355556 0.800000 0.282041 0.897046 0.000000
-0.266667 0.800000 0.317403 0.918730 0.000000
-0.177778 0.800000 0.362101 0.936039 0.000000
-0.088889 0.800000 0.422771 0.948140 0.000000
0.000000 0.800000 0.500000 0.952693 0.000000
0.088889 0.800000 0.577229 0.948140 0.000000
0.177778 0.800000 0.637899 0.936039 0.000000
0.266667 0.800000 0.682597 0.918730 0.000000
0.355556 0.800000 0.717959 0.897046 0.000000
0.444444 0.800000 0.750058 0.869696 0.266678
0.533333 0.800000 0.788024 0.828851 1.000000
0.622222 0.800000 -1.000000 -1.000000 -1.000000
0.711111 0.800000 -1.000000 -1.000000 -1.000000
0.800000 0.800000 -1.000000 -1.000000 -1.000000
0.888889 0.800000 -1.000000 -1.000000 -1.000000
0.977778 0.800000 -1.000000 -1.000000 -1.000000
1.066667 0.800000 -1.000000 -1.000000 -1.000000
1.155556 0.800000 -1.000000 -1.000000 -1.000000
1.244444 0.800000 -1.000000 -1.000000 -1.000000
1.333333 0.800000 -1.000000 -1.000000 -1.000000
1.422222 0.800000 -1.000000 -1.000000 -1.000000
1.511111 0.800000 -1.000000 -1.000000 -1.000000
1.600000 0.800000 -1.000000 -1.000000 -1.000000
1.688889 0.800000 -1.000000 -1.000000 -1.000000
1.777778 0.800000 -1.000000 -1.000000 -1.000000
-1.777778 0.750000 -1.000000 -1.000000 -1.000000
-1.688889 0.750000 -1.000000 -1.000000 -1.000000
-1.600000 0.750000 -1.000000 -1.000000 -1.000000
-1.511111 0.750000 -1.000000 -1.000000 -1.000000
-1.422222 0.750000 -1.000000 -1.000000 -1.000000
-1.333333 0.750000 -1.000000 -1.000000 -1.000000
-1.244444 0.750000 -1.000000 -1.000000 -1.000000
-1.155556 0.750000 -1.000000 -1.000000 -1.000000
-1.066667 0.750000 -1.000000 -1.000000 -1.000000
-0.977778 0.750000 -1.000000 -1.000000 -1.000000
-0.888889 0.750000 -1.000000 -1.000000 -1.000000
-0.800000 0.750000 -1.000000 -1.000000 -1.000000
-0.711111 0.750000 -1.000000 -1.000000 -1.000000
-0.622222 0.750000 0.208250 0.789298 1.000000
-0.533333 0.750000 0.255966 0.840780 0.956323
-0.444444 0.750000 0.288487 0.868932 0.286012
-0.355556 0.750000 0.320637 0.890201 0.000000
-0.266667 0.750000 0.356185 0.906992 0.000000
-0.177778 0.750000 0.397649 0.919709 0.000000
-0.088889 0.750000 0.446198 0.927887 0.000000
0.000000 0.750000 0.500000 0.930744 0.000000
0.088889 0.750000 0.553802 0.927887 0.000000
0.177778 0.750000 0.602351 0.919709 0.000000
0.266667 0.750000 0.643815 0.906992 0.000000
0.355556 0.750000 0.679363 0.890201 0.000000
0.444444 0.750000 0.711513 0.868932 0.286012
0.533333 0.750000 0.744034 0.840780 0.956323
0.622222 0.750000 0.791750 0.789298 1.000000
0.711111 0.750000 -1.000000 -1.000000 -1.000000
0.800000 0.750000 -1.000000 -1.000000 -1.000000
0.888889 0.750000 -1.000000 -1.000000 -1.000000
0.977778 0.750000 -1.000000 -1.000000 -1.000000
1.066667 0.750000 -1.000000 -1.000000 -1.000000
1.155556 0.750000 -1.000000 -1.000000 -1.000000
1.244444 0.750000 -1.000000 -1.000000 -1.000000
1.333333 0.750000 -1.000000 -1.000000 -1.000000
1.422222 0.750000 -1.000000 -1.000000 -1.000000
1.511111 0.750000 -1.000000 -1.000000 -1.000000
1.600000 0.750000 -1.000000 -1.000000 -1.000000
1.688889 0.750000 -1.000000 -1.000000 -1.000000
1.777778 0.750000 -1.000000 -1.000000 -1.000000
-1.777778 0.700000 -1.000000 -1.000000 -1.000000
-1.688889 0.700000 -1.000000 -1.000000 -1.000000
-1.600000 0.700000 -1.000000 -1.000000 -1.000000
-1.511111 0.700000 -1.000000 -1.000000 -1.000000
-1.422222 0.700000 -1.000000 -1.000000 -1.000000
-1.333333 0.700000 -1.000000 -1.000000 -1.000000
-1.244444 0.700000 -1.000000 -1.000000 -1.000000
-1.155556 0.700000 -1.000000 -1.000000 -1.000000
-1.066667 0.700000 -1.000000 -1.000000 -1.000000
-0.977778 0.700000 -1.000000 -1.000000 -1.000000
-0.888889 0.700000 -1.000000 -1.000000 -1.000000
-0.800000 0.700000 -1.000000 -1.000000 -1.000000
-0.711111 0.700000 -1.000000 -1.000000 -1.000000
-0.622222 0.700000 0.253122 0.808447 1.000000
-0.533333 0.700000 0.287370 0.840135 0.963471
-0.444444 0.700000 0.317706 0.862399 0.463608
-0.355556 0.700000 0.348519 0.879649 0.066710
-0.266667 0.700000 0.381689 0.893071 0.000000
-0.177778 0.700000 0.418183 0.902908 0.000000
-0.088889 0.700000 0.458016 0.908995 0.000000
0.000000 0.700000 0.500000 0.911066 0.000000
0.088889 0.700000 0.541984 0.908995 0.000000
0.177778 0.700000 0.581817 0.902908 0.000000
0.266667 0.700000 0.618311 0.893071 0.000000
0.355556 0.700000 0.651481 0.879649 0.066710
0.444444 0.700000 0.682294 0.862399 0.463608
0.533333 0.700000 0.712630 0.840135 0.963471
0.622222 0.700000 0.746878 0.808447 1.000000
0.711111 0.700000 -1.000000 -1.000000 -1.000000
0.800000 0.700000 -1.000000 -1.000000 -1.000000
0.888889 0.700000 -1.000000 -1.000000 -1.000000
0.977778 0.700000 -1.000000 -1.000000 -1.000000
1.066667 0.700000 -1.000000 -1.000000 -1.000000
1.155556 0.700000 -1.000000 -1.000000 -1.000000
1.244444 0.700000 -1.000000 -1.000000 -1.000000
1.333333 0.700000 -1.000000 -1.000000 -1.000000
1.422222 0.700000 -1.000000 -1.000000 -1.000000
1.511111 0.700000 -1.000000 -1.000000 -1.000000
1.600000 0.700000 -1.000000 -1.000000 -1.000000
1.688889 0.700000 -1.000000 -1.000000 -1.000000
1.777778 0.700000 -1.000000 -1.000000 -1.000000
-1.777778 0.650000 -1.000000 -1.000000 -1.000000
-1.688889 0.650000 -1.000000 -1.000000 -1.000000
-1.600000 0.650000 -1.000000 -1.000000 -1.000000
-1.511111 0.650000 -1.000000 -1.000000 -1.000000
-1.422222 0.650000 -1.000000 -1.000000 -1.000000
-1.333333 0.650000 -1.000000 -1.000000 -1.000000
-1.244444 0.650000 -1.000000 -1.000000 -1.000000
-1.155556 0.650000 -1.000000 -1.000000 -1.000000
-1.066667 0.650000 -1.000000 -1.000000 -1.000000
-0.977778 0.650000 -1.000000 -1.000000 -1.000000
-0.888889 0.650000 -1.000000 -1.000000 -1.000000
-0.800000 0.650000 -1.000000 -1.000000 -1.000000
-0.711111 0.650000 0.240096 0.767794 1.000000
-0.622222 0.650000 0.281319 0.809691 1.000000
-0.533333 0.650000 0.311571 0.834535 0.998847
-0.444444 0.650000 0.339997 0.853052 0.720064
-0.355556 0.650000 0.368846 0.867481 0.323768
-0.266667 0.650000 0.399141 0.878575 0.082651
-0.177778 0.650000 0.431285 0.886552 0.004361
-0.088889 0.650000 0.465130 0.891394 0.000000
0.000000 0.650000 0.500000 0.893022 0.000000
0.088889 0.650000 0.534870 0.891394 0.000000
0.177778 0.650000 0.568715 0.886552 0.004361
0.266667 0.650000 0.600859 0.878575 0.082651
0.355556 0.650000 0.631154 0.867481 0.323768
0.444444 0.650000 0.660003 0.853052 0.720064
0.533333 0.650000 0.688429 0.834535 0.998847
0.622222 0.650000 0.718681 0.809691 1.000000
0.711111 0.650000 0.759904 0.767794 1.000000
0.800000 0.650000 -1.000000 -1.000000 -1.000000
0.888889 0.650000 -1.000000 -1.000000 -1.000000
0.977778 0.650000 -1.000000 -1.000000 -1.000000
1.066667 0.650000 -1.000000 -1.000000 -1.000000
1.155556 0.650000 -1.000000 -1.000000 -1.000000
1.244444 0.650000 -1.000000 -1.000000 -1.000000
1.333333 0.650000 -1.000000 -1.000000 -1.000000
1.422222 0.650000 -1.000000 -1.000000 -1.000000
1.511111 0.650000 -1.000000 -1.000000 -1.000000
1.600000 0.650000 -1.000000 -1.000000 -1.000000
1.688889 0.650000 -1.000000 -1.000000 -1.000000
1.777778 0.650000 -1.000000 -1.000000 -1.000000
-1.777778 0.600000 -1.000000 -1.000000 -1.000000
-1.688889 0.600000 -1.000000 -1.000000 -1.000000
-1.600000 0.600000 -1.000000 -1.000000 -1.000000
-1.511111 0.600000 -1.000000 -1.000000 -1.000000
-1.422222 0.600000 -1.000000 -1.000000 -1.000000
-1.333333 0.600000 -1.000000 -1.000000 -1.000000
-1.244444 0.600000 -1.000000 -1.000000 -1.000000
-1.155556 0.600000 -1.000000 -1.000000 -1.000000
-1.066667 0.600000 -1.000000 -1.000000 -1.000000
-0.977778 0.600000 -1.000000 -1.000000 -1.000000
-0.888889 0.600000 -1.000000 -1.000000 -1.000000
-0.800000 0.600000 -1.000000 -1.000000 -1.000000
-0.711111 0.600000 0.270086 0.775239 1.000000
-0.622222 0.600000 0.302899 0.805575 1.000000
-0.533333 0.600000 0.330643 0.826386 1.000000
-0.444444 0.600000 0.357232 0.842276 0.937424
-0.355556 0.600000 0.384031 0.854665 0.678245
-0.266667 0.600000 0.411657 0.864113 0.415521
-0.177778 0.600000 0.440317 0.870829 0.238850
-0.088889 0.600000 0.469891 0.874864 0.149170
0.000000 0.600000 0.500000 0.876212 0.123060
0.088889 0.600000 0.530109 0.874864 0.149170
0.177778 0.600000 0.559683 0.870829 0.238850
0.266667 0.600000 0.588343 0.864113 0.415521
0.355556 0.600000 0.615969 0.854665 0.678245
0.444444 0.600000 0.642768 0.842276 0.937424
0.533333 0.600000 0.669357 0.826386 1.000000
0.622222 0.600000 0.697101 0.805575 1.000000
0.711111 0.600000 0.729914 0.775239 1.000000
0.800000 0.600000 -1.000000 -1.000000 -1.000000
0.888889 0.600000 -1.000000 -1.000000 -1.000000
0.977778 0.600000 -1.000000 -1.000000 -1.000000
1.066667 0.600000 -1.000000 -1.000000 -1.000000
1.155556 0.600000 -1.000000 -1.000000 -1.000000
1.244444 0.600000 -1.000000 -1.000000 -1.000000
1.333333 0.600000 -1.000000 -1.000000 -1.000000
1.422222 0.600000 -1.000000 -1.000000 -1.000000
1.511111 0.600000 -1.000000 -1.000000 -1.000000
1.600000 0.600000 -1.000000 -1.000000 -1.000000
1.688889 0.600000 -1.000000 -1.000000 -1.000000
1.777778 0.600000 -1.000000 -1.000000 -1.000000
-1.777778 0.550000 -1.000000 -1.000000 -1.000000
-1.688889 0.550000 -1.000000 -1.000000 -1.000000
-1.600000 0.550000 -1.000000 -1.000000 -1.000000
-1.511111 0.550000 -1.000000 -1.000000 -1.000000
-1.422222 0.550000 -1.000000 -1.000000 -1.000000
-1.333333 0.550000 -1.000000 -1.000000 -1.000000
-1.244444 0.550000 -1.000000 -1.000000 -1.000000
-1.155556 0.550000 -1.000000 -1.000000 -1.000000
-1.066667 0.550000 -1.000000 -1.000000 -1.000000
-0.977778 0.550000 -1.000000 -1.000000 -1.000000
-0.888889 0.550000 -1.000000 -1.000000 -1.000000
-0.800000 0.550000 0.246354 0.726429 1.000000
-0.711111 0.550000 0.291147 0.773820 1.000000
-0.622222 0.550000 0.320130 0.798749 1.000000
-0.533333 0.550000 0.345914 0.816817 1.000000
-0.444444 0.550000 0.370793 0.830777 1.000000
-0.355556 0.550000 0.395687 0.841655 0.945647
-0.266667 0.550000 0.421013 0.849906 0.796047
-0.177778 0.550000 0.446909 0.855729 0.649830
-0.088889 0.550000 0.473309 0.859207 0.553732
0.000000 0.550000 0.500000 0.860365 0.521098
0.088889 0.550000 0.526691 0.859207 0.553732
0.177778 0.550000 0.553091 0.855729 0.649830
0.266667 0.550000 0.578987 0.849906 0.796047
0.355556 0.550000 0.604313 0.841655 0.945647
0.444444 0.550000 0.629207 0.830777 1.000000
0.533333 0.550000 0.654086 0.816817 1.000000
0.622222 0.550000 0.679870 0.798749 1.000000
0.711111 0.550000 0.708853 0.773820 1.000000
0.800000 0.550000 0.753646 0.726429 1.000000
0.888889 0.550000 -1.000000 -1.000000 -1.000000
0.977778 0.550000 -1.000000 -1.000000 -1.000000
1.066667 0.550000 -1.000000 -1.000000 -1.000000
1.155556 0.550000 -1.000000 -1.000000 -1.000000
1.244444 0.550000 -1.000000 -1.000000 -1.000000
1.333333 0.550000 -1.000000 -1.000000 -1.000000
1.422222 0.550000 -1.000000 -1.000000 -1.000000
1.511111 0.550000 -1.000000 -1.000000 -1.000000
1.600000 0.550000 -1.000000 -1.000000 -1.000000
1.688889 0.550000 -1.000000 -1.000000 -1.000000
1.777778 0.550000 -1.000000 -1.000000 -1.000000
-1.777778 0.500000 -1.000000 -1.000000 -1.000000
-1.688889 0.500000 -1.000000 -1.000000 -1.000000
-1.600000 0.500000 -1.000000 -1.000000 -1.000000
-1.511111 0.500000 -1.000000 -1.000000 -1.000000
-1.422222 0.500000 -1.000000 -1.000000 -1.000000
-1.333333 0.500000 -1.000000 -1.000000 -1.000000
-1.244444 0.500000 -1.000000 -1.000000 -1.000000
-1.155556 0.500000 -1.000000 -1.000000 -1.000000
-1.066667 0.500000 -1.000000 -1.000000 -1.000000
-0.977778 0.500000 -1.000000 -1.000000 -1.000000
-0.888889 0.500000 -1.000000 -1.000000 -1.000000
-0.800000 0.500000 0.273393 0.734825 1.000000
-0.711111 0.500000 0.307696 0.768790 1.000000
-0.622222 0.500000 0.334186 0.790352 1.000000
-0.533333 0.500000 0.358325 0.806426 1.000000
-0.444444 0.500000 0.381660 0.818928 1.000000
-0.355556 0.500000 0.404863 0.828662 1.000000
-0.266667 0.500000 0.428249 0.836018 0.994250
-0.177778 0.500000 0.451930 0.841187 0.951500
-0.088889 0.500000 0.475885 0.844262 0.907522
0.000000 0.500000 0.500000 0.845283 0.890118
0.088889 0.500000 0.524115 0.844262 0.907522
0.177778 0.500000 0.548070 0.841187 0.951500
0.266667 0.500000 0.571751 0.836018 0.994250
0.355556 0.500000 0.595137 0.828662 1.000000
0.444444 0.500000 0.618340 0.818928 1.000000
0.533333 0.500000 0.641675 0.806426 1.000000
0.622222 0.500000 0.665814 0.790352 1.000000
0.711111 0.500000 0.692304 0.768790 1.000000
0.800000 0.500000 0.726607 0.734825 1.000000
0.888889 0.500000 -1.000000 -1.000000 -1.000000
0.977778 0.500000 -1.000000 -1.000000 -1.000000
1.066667 0.500000 -1.000000 -1.000000 -1.000000
1.155556 0.500000 -1.000000 -1.000000 -1.000000
1.244444 0.500000 -1.000000 -1.000000 -1.000000
1.333333 0.500000 -1.000000 -1.000000 -1.000000
1.422222 0.500000 -1.000000 -1.000000 -1.000000
1.511111 0.500000 -1.000000 -1.000000 -1.000000
1.600000 0.500000 -1.000000 -1.000000 -1.000000
1.688889 0.500000 -1.000000 -1.000000 -1.000000
1.777778 0.500000 -1.000000 -1.000000 -1.000000
-1.777778 0.450000 -1.000000 -1.000000 -1.000000
-1.688889 0.450000 -1.000000 -1.000000 -1.000000
-1.600000 0.450000 -1.000000 -1.000000 -1.000000
-1.511111 0.450000 -1.000000 -1.000000 -1.000000
-1.422222 0.450000 -1.000000 -1.000000 -1.000000
-1.333333 0.450000 -1.000000 -1.000000 -1.000000
-1.244444 0.450000 -1.000000 -1.000000 -1.000000
-1.155556 0.450000 -1.000000 -1.000000 -1.000000
-1.066667 0.450000 -1.000000 -1.000000 -1.000000
-0.977778 0.450000 -1.000000 -1.000000 -1.000000
-0.888889 0.450000 -1.000000 -1.000000 -1.000000
-0.800000 0.450000 0.291357 0.733564 1.000000
-0.711111 0.450000 0.321205 0.761755 1.000000
-0.622222 0.450000 0.345828 0.780980 1.000000
-0.533333 0.450000 0.368552 0.795550 1.000000
-0.444444 0.450000 0.390516 0.806927 1.000000
-0.355556 0.450000 0.412246 0.815779 1.000000
-0.266667 0.450000 0.434000 0.822451 1.000000
-0.177778 0.450000 0.455881 0.827126 1.000000
-0.088889 0.450000 0.477899 0.829900 1.000000
0.000000 0.450000 0.500000 0.830821 1.000000
0.088889 0.450000 0.522101 0.829900 1.000000
0.177778 0.450000 0.544119 0.827126 1.000000
0.266667 0.450000 0.566000 0.822451 1.000000
0.355556 0.450000 0.587754 0.815779 1.000000
0.444444 0.450000 0.609484 0.806927 1.000000
0.533333 0.450000 0.631448 0.795550 1.000000
0.622222 0.450000 0.654172 0.780980 1.000000
0.711111 0.450000 0.678795 0.761755 1.000000
0.800000 0.450000 0.708643 0.733564 1.000000
0.888889 0.450000 -1.000000 -1.000000 -1.000000
0.977778 0.450000 -1.000000 -1.000000 -1.000000
1.066667 0.450000 -1.000000 -1.000000 -1.000000
1.155556 0.450000 -1.000000 -1.000000 -1.000000
1.244444 0.450000 -1.000000 -1.000000 -1.000000
1.333333 0.450000 -1.000000 -1.000000 -1.000000
1.422222 0.450000 -1.000000 -1.000000 -1.000000
1.511111 0.450000 -1.000000 -1.000000 -1.000000
1.600000 0.450000 -1.000000 -1.000000 -1.000000
1.688889 0.450000 -1.000000 -1.000000 -1.000000
1.777778 0.450000 -1.000000 -1.000000 -1.000000
-1.777778 0.400000 -1.000000 -1.000000 -1.000000
-1.688889 0.400000 -1.000000 -1.000000 -1.000000
-1.600000 0.400000 -1.000000 -1.000000 -1.000000
-1.511111 0.400000 -1.000000 -1.000000 -1.000000
-1.422222 0.400000 -1.000000 -1.000000 -1.000000
-1.333333 0.400000 -1.000000 -1.000000 -1.000000
-1.244444 0.400000 -1.000000 -1.000000 -1.000000
-1.155556 0.400000 -1.000000 -1.000000 -1.000000
-1.066667 0.400000 -1.000000 -1.000000 -1.000000
-0.977778 0.400000 -1.000000 -1.000000 -1.000000
-0.888889 0.400000 0.258908 0.676690 1.000000
-0.800000 0.400000 0.305372 0.728756 1.000000
-0.711111 0.400000 0.332462 0.753464 1.000000
-0.622222 0.400000 0.355591 0.770973 1.000000
-0.533333 0.400000 0.377086 0.784381 1.000000
-0.444444 0.400000 0.397844 0.794878 1.000000
-0.355556 0.400000 0.418300 0.803041 1.000000
-0.266667 0.400000 0.438673 0.809181 1.000000
-0.177778 0.400000 0.459069 0.813475 1.000000
-0.088889 0.400000 0.479516 0.816019 1.000000
0.000000 0.400000 0.500000 0.816862 1.000000
0.088889 0.400000 0.520484 0.816019 1.000000
0.177778 0.400000 0.540931 0.813475 1.000000
0.266667 0.400000 0.561327 0.809181 1.000000
0.355556 0.400000 0.581700 0.803041 1.000000
0.444444 0.400000 0.602156 0.794878 1.000000
0.533333 0.400000 0.622914 0.784381 1.000000
0.622222 0.400000 0.644409 0.770973 1.000000
0.711111 0.400000 0.667538 0.753464 1.000000
0.800000 0.400000 0.694628 0.728756 1.000000
0.888889 0.400000 0.741092 0.676690 1.000000
0.977778 0.400000 -1.000000 -1.000000 -1.000000
1.066667 0.400000 -1.000000 -1.000000 -1.000000
1.155556 0.400000 -1.000000 -1.000000 -1.000000
1.244444 0.400000 -1.000000 -1.000000 -1.000000
1.333333 0.400000 -1.000000 -1.000000 -1.000000
1.422222 0.400000 -1.000000 -1.000000 -1.000000
1.511111 0.400000 -1.000000 -1.000000 -1.000000
1.600000 0.400000 -1.000000 -1.000000 -1.000000
1.688889 0.400000 -1.000000 -1.000000 -1.000000
1.777778 0.400000 -1.000000 -1.000000 -1.000000
-1.777778 0.350000 -1.000000 -1.000000 -1.000000
-1.688889 0.350000 -1.000000 -1.000000 -1.000000
-1.600000 0.350000 -1.000000 -1.000000 -1.000000
-1.511111 0.350000 -1.000000 -1.000000 -1.000000
-1.422222 0.350000 -1.000000 -1.000000 -1.000000
-1.333333 0.350000 -1.000000 -1.000000 -1.000000
-1.244444 0.350000 -1.000000 -1.000000 -1.000000
-1.155556 0.350000 -1.000000 -1.000000 -1.000000
-1.066667 0.350000 -1.000000 -1.000000 -1.000000
-0.977778 0.350000 -1.000000 -1.000000 -1.000000
-0.888889 0.350000 0.280849 0.683219 1.000000
-0.800000 0.350000 0.316845 0.721977 1.000000
-0.711111 0.350000 0.341974 0.744325 1.000000
-0.622222 0.350000 0.363862 0.760534 1.000000
-0.533333 0.350000 0.384287 0.773033 1.000000
-0.444444 0.350000 0.403989 0.782833 1.000000
-0.355556 0.350000 0.423341 0.790450 1.000000
-0.266667 0.350000 0.442541 0.796173 1.000000
-0.177778 0.350000 0.461694 0.800169 1.000000
-0.088889 0.350000 0.480844 0.802533 1.000000
0.000000 0.350000 0.500000 0.803316 1.000000
0.088889 0.350000 0.519156 0.802533 1.000000
0.177778 0.350000 0.538306 0.800169 1.000000
0.266667 0.350000 0.557459 0.796173 1.000000
0.355556 0.350000 0.576659 0.790450 1.000000
0.444444 0.350000 0.596011 0.782833 1.000000
0.533333 0.350000 0.615713 0.773033 1.000000
0.622222 0.350000 0.636138 0.760534 1.000000
0.711111 0.350000 0.658026 0.744325 1.000000
0.800000 0.350000 0.683155 0.721977 1.000000
0.888889 0.350000 0.719151 0.683219 1.000000
0.977778 0.350000 -1.000000 -1.000000 -1.000000
1.066667 0.350000 -1.000000 -1.000000 -1.000000
1.155556 0.350000 -1.000000 -1.000000 -1.000000
1.244444 0.350000 -1.000000 -1.000000 -1.000000
1.333333 0.350000 -1.000000 -1.000000 -1.000000
1.422222 0.350000 -1.000000 -1.000000 -1.000000
1.511111 0.350000 -1.000000 -1.000000 -1.000000
1.600000 0.350000 -1.000000 -1.000000 -1.000000
1.688889 0.350000 -1.000000 -1.000000 -1.000000
1.777778 0.350000 -1.000000 -1.000000 -1.000000
-1.777778 0.300000 -1.000000 -1.000000 -1.000000
-1.688889 0.300000 -1.000000 -1.000000 -1.000000
-1.600000 0.300000 -1.000000 -1.000000 -1.000000
-1.511111 0.300000 -1.000000 -1.000000 -1.000000
-1.422222 0.300000 -1.000000 -1.000000 -1.000000
-1.333333 0.300000 -1.000000 -1.000000 -1.000000
-1.244444 0.300000 -1.000000 -1.000000 -1.000000
-1.155556 0.300000 -1.000000 -1.000000 -1.000000
-1.066667 0.300000 -1.000000 -1.000000 -1.000000
-0.977778 0.300000 -1.000000 -1.000000 -1.000000
-0.888889 0.300000 0.294943 0.680769 1.000000
-0.800000 0.300000 0.326465 0.713922 1.000000
-0.711111 0.300000 0.350094 0.734577 1.000000
-0.622222 0.300000 0.370934 0.749787 1.000000
-0.533333 0.300000 0.390424 0.761567 1.000000
-0.444444 0.300000 0.409201 0.770814 1.000000
-0.355556 0.300000 0.427594 0.777997 1.000000
-0.266667 0.300000 0.445790 0.783388 1.000000
-0.177778 0.300000 0.463891 0.787147 1.000000
-0.088889 0.300000 0.481952 0.789370 1.000000
0.000000 0.300000 0.500000 0.790106 1.000000
0.088889 0.300000 0.518048 0.789370 1.000000
0.177778 0.300000 0.536109 0.787147 1.000000
0.266667 0.300000 0.554210 0.783388 1.000000
0.355556 0.300000 0.572406 0.777997 1.000000
0.444444 0.300000 0.590799 0.770814 1.000000
0.533333 0.300000 0.609576 0.761567 1.000000
0.622222 0.300000 0.629066 0.749787 1.000000
0.711111 0.300000 0.649906 0.734577 1.000000
0.800000 0.300000 0.673535 0.713922 1.000000
0.888889 0.300000 0.705057 0.680769 1.000000
0.977778 0.300000 -1.000000 -1.000000 -1.000000
1.066667 0.300000 -1.000000 -1.000000 -1.000000
1.155556 0.300000 -1.000000 -1.000000 -1.000000
1.244444 0.300000 -1.000000 -1.000000 -1.000000
1.333333 0.300000 -1.000000 -1.000000 -1.000000
1.422222 0.300000 -1.000000 -1.000000 -1.000000
1.511111 0.300000 -1.000000 -1.000000 -1.000000
1.600000 0.300000 -1.000000 -1.000000 -1.000000
1.688889 0.300000 -1.000000 -1.000000 -1.000000
1.777778 0.300000 -1.000000 -1.000000 -1.000000
-1.777778 0.250000 -1.000000 -1.000000 -1.000000
-1.688889 0.250000 -1.000000 -1.000000 -1.000000
-1.600000 0.250000 -1.000000 -1.000000 -1.000000
-1.511111 0.250000 -1.000000 -1.000000 -1.000000
-1.422222 0.250000 -1.000000 -1.000000 -1.000000
-1.333333 0.250000 -1.000000 -1.000000 -1.000000
-1.244444 0.250000 -1.000000 -1.000000 -1.000000
-1.155556 0.250000 -1.000000 -1.000000 -1.000000
-1.066667 0.250000 -1.000000 -1.000000 -1.000000
-0.977778 0.250000 -1.000000 -1.000000 -1.000000
-0.888889 0.250000 0.305859 0.675108 1.000000
-0.800000 0.250000 0.334645 0.704958 1.000000
-0.711111 0.250000 0.357081 0.724368 1.000000
-0.622222 0.250000 0.377024 0.738803 1.000000
-0.533333 0.250000 0.395697 0.750017 1.000000
-0.444444 0.250000 0.413662 0.758823 1.000000
-0.355556 0.250000 0.431222 0.765660 1.000000
-0.266667 0.250000 0.448551 0.770787 1.000000
-0.177778 0.250000 0.465753 0.774358 1.000000
-0.088889 0.250000 0.482890 0.776469 1.000000
0.000000 0.250000 0.500000 0.777167 1.000000
0.088889 0.250000 0.517110 0.776469 1.000000
0.177778 0.250000 0.534247 0.774358 1.000000
0.266667 0.250000 0.551449 0.770787 1.000000
0.355556 0.250000 0.568778 0.765660 1.000000
0.444444 0.250000 0.586338 0.758823 1.000000
0.533333 0.250000 0.604303 0.750017 1.000000
0.622222 0.250000 0.622976 0.738803 1.000000
0.711111 0.250000 0.642919 0.724368 1.000000
0.800000 0.250000 0.665355 0.704958 1.000000
0.888889 0.250000 0.694141 0.675108 1.000000
0.977778 0.250000 -1.000000 -1.000000 -1.000000
1.066667 0.250000 -1.000000 -1.000000 -1.000000
1.155556 0.250000 -1.000000 -1.000000 -1.000000
1.244444 0.250000 -1.000000 -1.000000 -1.000000
1.333333 0.250000 -1.000000 -1.000000 -1.000000
1.422222 0.250000 -1.000000 -1.000000 -1.000000
1.511111 0.250000 -1.000000 -1.000000 -1.000000
1.600000 0.250000 -1.000000 -1.000000 -1.000000
1.688889 0.250000 -1.000000 -1.000000 -1.000000
1.777778 0.250000 -1.000000 -1.000000 -1.000000
-1.777778 0.200000 -1.000000 -1.000000 -1.000000
-1.688889 0.200000 -1.000000 -1.000000 -1.000000
-1.600000 0.200000 -1.000000 -1.000000 -1.000000
-1.511111 0.200000 -1.000000 -1.000000 -1.000000
-1.422222 0.200000 -1.000000 -1.000000 -1.000000
-1.333333 0.200000 -1.000000 -1.000000 -1.000000
-1.244444 0.200000 -1.000000 -1.000000 -1.000000
-1.155556 0.200000 -1.000000 -1.000000 -1.000000
-1.066667 0.200000 -1.000000 -1.000000 -1.000000
-0.977778 0.200000 -1.000000 -1.000000 -1.000000
-0.888889 0.200000 0.314761 0.667591 1.000000
-0.800000 0.200000 0.341665 0.695298 1.000000
-0.711111 0.200000 0.363129 0.713787 1.000000
-0.622222 0.200000 0.382302 0.727625 1.000000
-0.533333 0.200000 0.400260 0.738395 1.000000
-0.444444 0.200000 0.417513 0.746853 1.000000
-0.355556 0.200000 0.434345 0.753416 1.000000
-0.266667 0.200000 0.450922 0.758332 1.000000
-0.177778 0.200000 0.467348 0.761755 1.000000
-0.088889 0.200000 0.483692 0.763775 1.000000
0.000000 0.200000 0.500000 0.764444 1.000000
0.088889 0.200000 0.516308 0.763775 1.000000
0.177778 0.200000 0.532652 0.761755 1.000000
0.266667 0.200000 0.549078 0.758332 1.000000
0.355556 0.200000 0.565655 0.753416 1.000000
0.444444 0.200000 0.582487 0.746853 1.000000
0.533333 0.200000 0.599740 0.738395 1.000000
0.622222 0.200000 0.617698 0.727625 1.000000
0.711111 0.200000 0.636871 0.713787 1.000000
0.800000 0.200000 0.658335 0.695298 1.000000
0.888889 0.200000 0.685239 0.667591 1.000000
0.977778 0.200000 -1.000000 -1.000000 -1.000000
1.066667 0.200000 -1.000000 -1.000000 -1.000000
1.155556 0.200000 -1.000000 -1.000000 -1.000000
1.244444 0.200000 -1.000000 -1.000000 -1.000000
1.333333 0.200000 -1.000000 -1.000000 -1.000000
1.422222 0.200000 -1.000000 -1.000000 -1.000000
1.511111 0.200000 -1.000000 -1.000000 -1.000000
1.600000 0.200000 -1.000000 -1.000000 -1.000000
1.688889 0.200000 -1.000000 -1.000000 -1.000000
1.777778 0.200000 -1.000000 -1.000000 -1.000000
-1.777778 0.150000 -1.000000 -1.000000 -1.000000
-1.688889 0.150000 -1.000000 -1.000000 -1.000000
-1.600000 0.150000 -1.000000 -1.000000 -1.000000
-1.511111 0.150000 -1.000000 -1.000000 -1.000000
-1.422222 0.150000 -1.000000 -1.000000 -1.000000
-1.333333 0.150000 -1.000000 -1.000000 -1.000000
-1.244444 0.150000 -1.000000 -1.000000 -1.000000
-1.155556 0.150000 -1.000000 -1.000000 -1.000000
-1.066667 0.150000 -1.000000 -1.000000 -1.000000
-0.977778 0.150000 -1.000000 -1.000000 -1.000000
-0.888889 0.150000 0.322187 0.658784 1.000000
-0.800000 0.150000 0.347723 0.685067 1.000000
-0.711111 0.150000 0.368389 0.702885 1.000000
-0.622222 0.150000 0.386898 0.716273 1.000000
-0.533333 0.150000 0.404229 0.726702 1.000000
-0.444444 0.150000 0.420858 0.734888 1.000000
-0.355556 0.150000 0.437052 0.741235 1.000000
-0.266667 0.150000 0.452973 0.745987 1.000000
-0.177778 0.150000 0.468727 0.749292 1.000000
-0.088889 0.150000 0.484385 0.751242 1.000000
0.000000 0.150000 0.500000 0.751887 1.000000
0.088889 0.150000 0.515615 0.751242 1.000000
0.177778 0.150000 0.531273 0.749292 1.000000
0.266667 0.150000 0.547027 0.745987 1.000000
0.355556 0.150000 0.562948 0.741235 1.000000
0.444444 0.150000 0.579142 0.734888 1.000000
0.533333 0.150000 0.595771 0.726702 1.000000
0.622222 0.150000 0.613102 0.716273 1.000000
0.711111 0.150000 0.631611 0.702885 1.000000
0.800000 0.150000 0.652277 0.685067 1.000000
0.888889 0.150000 0.677813 0.658784 1.000000
0.977778 0.150000 -1.000000 -1.000000 -1.000000
1.066667 0.150000 -1.000000 -1.000000 -1.000000
1.155556 0.150000 -1.000000 -1.000000 -1.000000
1.244444 0.150000 -1.000000 -1.000000 -1.000000
1.333333 0.150000 -1.000000 -1.000000 -1.000000
1.422222 0.150000 -1.000000 -1.000000 -1.000000
1.511111 0.150000 -1.000000 -1.000000 -1.000000
1.600000 0.150000 -1.000000 -1.000000 -1.000000
1.688889 0.150000 -1.000000 -1.000000 -1.000000
1.777778 0.150000 -1.000000 -1.000000 -1.000000
-1.777778 0.100000 -1.000000 -1.000000 -1.000000
-1.688889 0.100000 -1.000000 -1.000000 -1.000000
-1.600000 0.100000 -1.000000 -1.000000 -1.000000
-1.511111 0.100000 -1.000000 -1.000000 -1.000000
-1.422222 0.100000 -1.000000 -1.000000 -1.000000
-1.333333 0.100000 -1.000000 -1.000000 -1.000000
-1.244444 0.100000 -1.000000 -1.000000 -1.000000
-1.155556 0.100000 -1.000000 -1.000000 -1.000000
-1.066667 0.100000 -1.000000 -1.000000 -1.000000
-0.977778 0.100000 -1.000000 -1.000000 -1.000000
-0.888889 0.100000 0.328444 0.648969 1.000000
-0.800000 0.100000 0.352968 0.674338 1.000000
-0.711111 0.100000 0.372975 0.691691 1.000000
-0.622222 0.100000 0.390914 0.704753 1.000000
-0.533333 0.100000 0.407698 0.714927 1.000000
-0.444444 0.100000 0.423779 0.722908 1.000000
-0.355556 0.100000 0.439412 0.729091 1.000000
-0.266667 0.100000 0.454760 0.733714 1.000000
-0.177778 0.100000 0.469927 0.736929 1.000000
-0.088889 0.100000 0.484988 0.738824 1.000000
0.000000 0.100000 0.500000 0.739451 1.000000
0.088889 0.100000 0.515012 0.738824 1.000000
0.177778 0.100000 0.530073 0.736929 1.000000
0.266667 0.100000 0.545240 0.733714 1.000000
0.355556 0.100000 0.560588 0.729091 1.000000
0.444444 0.100000 0.576221 0.722908 1.000000
0.533333 0.100000 0.592302 0.714927 1.000000
0.622222 0.100000 0.609086 0.704753 1.000000
0.711111 0.100000 0.627025 0.691691 1.000000
0.800000 0.100000 0.647032 0.674338 1.000000
0.888889 0.100000 0.671556 0.648969 1.000000
0.977778 0.100000 -1.000000 -1.000000 -1.000000
1.066667 0.100000 -1.000000 -1.000000 -1.000000
1.155556 0.100000 -1.000000 -1.000000 -1.000000
1.244444 0.100000 -1.000000 -1.000000 -1.000000
1.333333 0.100000 -1.000000 -1.000000 -1.000000
1.422222 0.100000 -1.000000 -1.000000 -1.000000
1.511111 0.100000 -1.000000 -1.000000 -1.000000
1.600000 0.100000 -1.000000 -1.000000 -1.000000
1.688889 0.100000 -1.000000 -1.000000 -1.000000
1.777778 0.100000 -1.000000 -1.000000 -1.000000
-1.777778 0.050000 -1.000000 -1.000000 -1.000000
-1.688889 0.050000 -1.000000 -1.000000 -1.000000
-1.600000 0.050000 -1.000000 -1.000000 -1.000000
-1.511111 0.050000 -1.000000 -1.000000 -1.000000
-1.422222 0.050000 -1.000000 -1.000000 -1.000000
-1.333333 0.050000 -1.000000 -1.000000 -1.000000
-1.244444 0.050000 -1.000000 -1.000000 -1.000000
-1.155556 0.050000 -1.000000 -1.000000 -1.000000
-1.066667 0.050000 -1.000000 -1.000000 -1.000000
-0.977778 0.050000 0.285954 0.575883 1.000000
-0.888889 0.050000 0.333727 0.638287 1.000000
-0.800000 0.050000 0.357509 0.663145 1.000000
-0.711111 0.050000 0.376978 0.680210 1.000000
-0.622222 0.050000 0.394431 0.693056 1.000000
-0.533333 0.050000 0.410738 0.703054 1.000000
-0.444444 0.050000 0.426338 0.710888 1.000000
-0.355556 0.050000 0.441480 0.716951 1.000000
-0.266667 0.050000 0.456323 0.721480 1.000000
-0.177778 0.050000 0.470976 0.724627 1.000000
-0.088889 0.050000 0.485514 0.726481 1.000000
0.000000 0.050000 0.500000 0.727094 1.000000
0.088889 0.050000 0.514486 0.726481 1.000000
0.177778 0.050000 0.529024 0.724627 1.000000
0.266667 0.050000 0.543677 0.721480 1.000000
0.355556 0.050000 0.558520 0.716951 1.000000
0.444444 0.050000 0.573662 0.710888 1.000000
0.533333 0.050000 0.589262 0.703054 1.000000
0.622222 0.050000 0.605569 0.693056 1.000000
0.711111 0.050000 0.623022 0.680210 1.000000
0.800000 0.050000 0.642491 0.663145 1.000000
0.888889 0.050000 0.666273 0.638287 1.000000
0.977778 0.050000 0.714046 0.575883 1.000000
1.066667 0.050000 -1.000000 -1.000000 -1.000000
1.155556 0.050000 -1.000000 -1.000000 -1.000000
1.244444 0.050000 -1.000000 -1.000000 -1.000000
1.333333 0.050000 -1.000000 -1.000000 -1.000000
1.422222 0.050000 -1.000000 -1.000000 -1.000000
1.511111 0.050000 -1.000000 -1.000000 -1.000000
1.600000 0.050000 -1.000000 -1.000000 -1.000000
1.688889 0.050000 -1.000000 -1.000000 -1.000000
1.777778 0.050000 -1.000000 -1.000000 -1.000000
-1.777778 0.000000 -1.000000 -1.000000 -1.000000
-1.688889 0.000000 -1.000000 -1.000000 -1.000000
-1.600000 0.000000 -1.000000 -1.000000 -1.000000
-1.511111 0.000000 -1.000000 -1.000000 -1.000000
-1.422222 0.000000 -1.000000 -1.000000 -1.000000
-1.333333 0.000000 -1.000000 -1.000000 -1.000000
-1.244444 0.000000 -1.000000 -1.000000 -1.000000
-1.155556 0.000000 -1.000000 -1.000000 -1.000000
-1.066667 0.000000 -1.000000 -1.000000 -1.000000
-0.977778 0.000000 0.293254 0.567335 1.000000
-0.888889 0.000000 0.338165 0.626798 1.000000
-0.800000 0.000000 0.361431 0.651496 1.000000
-0.711111 0.000000 0.380470 0.668437 1.000000
-0.622222 0.000000 0.397511 0.681168 1.000000
-0.533333 0.000000 0.413406 0.691061 1.000000
-0.444444 0.000000 0.428585 0.698801 1.000000
-0.355556 0.000000 0.443295 0.704784 1.000000
-0.266667 0.000000 0.457696 0.709249 1.000000
-0.177778 0.000000 0.471897 0.712348 1.000000
-0.088889 0.000000 0.485977 0.714173 1.000000
0.000000 0.000000 0.500000 0.714777 1.000000
0.088889 0.000000 0.514023 0.714173 1.000000
0.177778 0.000000 0.528103 0.712348 1.000000
0.266667 0.000000 0.542304 0.709249 1.000000
0.355556 0.000000 0.556705 0.704784 1.000000
0.444444 0.000000 0.571415 0.698801 1.000000
0.533333 0.000000 0.586594 0.691061 1.000000
0.622222 0.000000 0.602489 0.681168 1.000000
0.711111 0.000000 0.619530 0.668437 1.000000
0.800000 0.000000 0.638569 0.651496 1.000000
0.888889 0.000000 0.661835 0.626798 1.000000
0.977778 0.000000 0.706746 0.567335 1.000000
1.066667 0.000000 -1.000000 -1.000000 -1.000000
1.155556 0.000000 -1.000000 -1.000000 -1.000000
1.244444 0.000000 -1.000000 -1.000000 -1.000000
1.333333 0.000000 -1.000000 -1.000000 -1.000000
1.422222 0.000000 -1.000000 -1.000000 -1.000000
1.511111 0.000000 -1.000000 -1.000000 -1.000000
1.600000 0.000000 -1.000000 -1.000000 -1.000000
1.688889 0.000000 -1.000000 -1.000000 -1.000000
1.777778 0.000000 -1.000000 -1.000000 -1.000000
-1.777778 -0.050000 -1.000000 -1.000000 -1.000000
-1.688889 -0.050000 -1.000000 -1.000000 -1.000000
-1.600000 -0.050000 -1.000000 -1.000000 -1.000000
-1.511111 -0.050000 -1.000000 -1.000000 -1.000000
-1.422222 -0.050000 -1.000000 -1.000000 -1.000000
-1.333333 -0.050000 -1.000000 -1.000000 -1.000000
-1.244444 -0.050000 -1.000000 -1.000000 -1.000000
-1.155556 -0.050000 -1.000000 -1.000000 -1.000000
-1.066667 -0.050000 -1.000000 -1.000000 -1.000000
-0.977778 -0.050000 0.295468 0.551314 1.000000
-0.888889 -0.050000 0.341838 0.614496 1.000000
-0.800000 -0.050000 0.364795 0.639375 1.000000
-0.711111 -0.050000 0.383505 0.656349 1.000000
-0.622222 -0.050000 0.400205 0.669064 1.000000
-0.533333 -0.050000 0.415747 0.678919 1.000000
-0.444444 -0.050000 0.430559 0.686616 1.000000
-0.355556 -0.050000 0.444891 0.692556 1.000000
-0.266667 -0.050000 0.458903 0.696983 1.000000
-0.177778 -0.050000 0.472707 0.700054 1.000000
-0.088889 -0.050000 0.486383 0.701862 1.000000
0.000000 -0.050000 0.500000 0.702459 1.000000
0.088889 -0.050000 0.513617 0.701862 1.000000
0.177778 -0.050000 0.527293 0.700054 1.000000
0.266667 -0.050000 0.541097 0.696983 1.000000
0.355556 -0.050000 0.555109 0.692556 1.000000
0.444444 -0.050000 0.569441 0.686616 1.000000
0.533333 -0.050000 0.584253 0.678919 1.000000
0.622222 -0.050000 0.599795 0.669064 1.000000
0.711111 -0.050000 0.616495 0.656349 1.000000
0.800000 -0.050000 0.635205 0.639375 1.000000
0.888889 -0.050000 0.658162 0.614496 1.000000
0.977778 -0.050000 0.704532 0.551314 1.000000
1.066667 -0.050000 -1.000000 -1.000000 -1.000000
1.155556 -0.050000 -1.000000 -1.000000 -1.000000
1.244444 -0.050000 -1.000000 -1.000000 -1.000000
1.333333 -0.050000 -1.000000 -1.000000 -1.000000
1.422222 -0.050000 -1.000000 -1.000000 -1.000000
1.511111 -0.050000 -1.000000 -1.000000 -1.000000
1.600000 -0.050000 -1.000000 -1.000000 -1.000000
1.688889 -0.050000 -1.000000 -1.000000 -1.000000
1.777778 -0.050000 -1.000000 -1.000000 -1.000000
-1.777778 -0.100000 -1.000000 -1.000000 -1.000000
-1.688889 -0.100000 -1.000000 -1.000000 -1.000000
-1.600000 -0.100000 -1.000000 -1.000000 -1.000000
-1.511111 -0.100000 -1.000000 -1.000000 -1.000000
-1.422222 -0.100000 -1.000000 -1.000000 -1.000000
-1.333333 -0.100000 -1.000000 -1.000000 -1.000000
-1.244444 -0.100000 -1.000000 -1.000000 -1.000000
-1.155556 -0.100000 -1.000000 -1.000000 -1.000000
-1.066667 -0.100000 -1.000000 -1.000000 -1.000000
-0.977778 -0.100000 -1.000000 -1.000000 -1.000000
-0.888889 -0.100000 0.344787 0.601321 1.000000
-0.800000 -0.100000 0.367645 0.626744 1.000000
-0.711111 -0.100000 0.386124 0.643915 1.000000
-0.622222 -0.100000 0.402551 0.656711 1.000000
-0.533333 -0.100000 0.417795 0.666597 1.000000
-0.444444 -0.100000 0.432292 0.674298 1.000000
-0.355556 -0.100000 0.446294 0.680231 1.000000
-0.266667 -0.100000 0.459966 0.684648 1.000000
-0.177778 -0.100000 0.473419 0.687707 1.000000
-0.088889 -0.100000 0.486741 0.689508 1.000000
0.000000 -0.100000 0.500000 0.690102 1.000000
0.088889 -0.100000 0.513259 0.689508 1.000000
0.177778 -0.100000 0.526581 0.687707 1.000000
0.266667 -0.100000 0.540034 0.684648 1.000000
0.355556 -0.100000 0.553706 0.680231 1.000000
0.444444 -0.100000 0.567708 0.674298 1.000000
0.533333 -0.100000 0.582205 0.666597 1.000000
0.622222 -0.100000 0.597449 0.656711 1.000000
0.711111 -0.100000 0.613876 0.643915 1.000000
0.800000 -0.100000 0.632355 0.626744 1.000000
0.888889 -0.100000 0.655213 0.601321 1.000000
0.977778 -0.100000 -1.000000 -1.000000 -1.000000
1.066667 -0.100000 -1.000000 -1.000000 -1.000000
1.155556 -0.100000 -1.000000 -1.000000 -1.000000
1.244444 -0.100000 -1.000000 -1.000000 -1.000000
1.333333 -0.100000 -1.000000 -1.000000 -1.000000
1.422222 -0.100000 -1.000000 -1.000000 -1.000000
1.511111 -0.100000 -1.000000 -1.000000 -1.000000
1.600000 -0.100000 -1.000000 -1.000000 -1.000000
1.688889 -0.100000 -1.000000 -1.000000 -1.000000
1.777778 -0.100000 -1.000000 -1.000000 -1.000000
-1.777778 -0.150000 -1.000000 -1.000000 -1.000000
-1.688889 -0.150000 -1.000000 -1.000000 -1.000000
-1.600000 -0.150000 -1.000000 -1.000000 -1.000000
-1.511111 -0.150000 -1.000000 -1.000000 -1.000000
-1.422222 -0.150000 -1.000000 -1.000000 -1.000000
-1.333333 -0.150000 -1.000000 -1.000000 -1.000000
-1.244444 -0.150000 -1.000000 -1.000000 -1.000000
-1.155556 -0.150000 -1.000000 -1.000000 -1.000000
-1.066667 -0.150000 -1.000000 -1.000000 -1.000000
-0.977778 -0.150000 -1.000000 -1.000000 -1.000000
-0.888889 -0.150000 0.347017 0.587147 1.000000
-0.800000 -0.150000 0.370009 0.613542 1.000000
-0.711111 -0.150000 0.388359 0.631086 1.000000
-0.622222 -0.150000 0.404579 0.644068 1.000000
-0.533333 -0.150000 0.419578 0.654053 1.000000
-0.444444 -0.150000 0.433807 0.661809 1.000000
-0.355556 -0.150000 0.447524 0.667771 1.000000
-0.266667 -0.150000 0.460898 0.672202 1.000000
-0.177778 -0.150000 0.474046 0.675268 1.000000
-0.088889 -0.150000 0.487056 0.677071 1.000000
0.000000 -0.150000 0.500000 0.677667 1.000000
0.088889 -0.150000 0.512944 0.677071 1.000000
0.177778 -0.150000 0.525954 0.675268 1.000000
0.266667 -0.150000 0.539102 0.672202 1.000000
0.355556 -0.150000 0.552476 0.667771 1.000000
0.444444 -0.150000 0.566193 0.661809 1.000000
0.533333 -0.150000 0.580422 0.654053 1.000000
0.622222 -0.150000 0.595421 0.644068 1.000000
0.711111 -0.150000 0.611641 0.631086 1.000000
0.800000 -0.150000 0.629991 0.613542 1.000000
0.888889 -0.150000 0.652983 0.587147 1.000000
0.977778 -0.150000 -1.000000 -1.000000 -1.000000
1.066667 -0.150000 -1.000000 -1.000000 -1.000000
1.155556 -0.150000 -1.000000 -1.000000 -1.000000
1.244444 -0.150000 -1.000000 -1.000000 -1.000000
1.333333 -0.150000 -1.000000 -1.000000 -1.000000
1.422222 -0.150000 -1.000000 -1.000000 -1.000000
1.511111 -0.150000 -1.000000 -1.000000 -1.000000
1.600000 -0.150000 -1.000000 -1.000000 -1.000000
1.688889 -0.150000 -1.000000 -1.000000 -1.000000
1.777778 -0.150000 -1.000000 -1.000000 -1.000000
-1.777778 -0.200000 -1.000000 -1.000000 -1.000000
-1.688889 -0.200000 -1.000000 -1.000000 -1.000000
-1.600000 -0.200000 -1.000000 -1.000000 -1.000000
-1.511111 -0.200000 -1.000000 -1.000000 -1.000000
-1.422222 -0.200000 -1.000000 -1.000000 -1.000000
-1.333333 -0.200000 -1.000000 -1.000000 -1.000000
-1.244444 -0.200000 -1.000000 -1.000000 -1.000000
-1.155556 -0.200000 -1.000000 -1.000000 -1.000000
-1.066667 -0.200000 -1.000000 -1.000000 -1.000000
-0.977778 -0.200000 -1.000000 -1.000000 -1.000000
-0.888889 -0.200000 0.348482 0.571754 1.000000
-0.800000 -0.200000 0.371896 0.599675 1.000000
-0.711111 -0.200000 0.390229 0.617801 1.000000
-0.622222 -0.200000 0.406310 0.631083 1.000000
-0.533333 -0.200000 0.421117 0.641242 1.000000
-0.444444 -0.200000 0.435123 0.649104 1.000000
-0.355556 -0.200000 0.448597 0.655132 1.000000
-0.266667 -0.200000 0.461714 0.659604 1.000000
-0.177778 -0.200000 0.474595 0.662694 1.000000
-0.088889 -0.200000 0.487332 0.664510 1.000000
0.000000 -0.200000 0.500000 0.665110 1.000000
0.088889 -0.200000 0.512668 0.664510 1.000000
0.177778 -0.200000 0.525405 0.662694 1.000000
0.266667 -0.200000 0.538286 0.659604 1.000000
0.355556 -0.200000 0.551403 0.655132 1.000000
0.444444 -0.200000 0.564877 0.649104 1.000000
0.533333 -0.200000 0.578883 0.641242 1.000000
0.622222 -0.200000 0.593690 0.631083 1.000000
0.711111 -0.200000 0.609771 0.617801 1.000000
0.800000 -0.200000 0.628104 0.599675 1.000000
0.888889 -0.200000 0.651518 0.571754 1.000000
0.977778 -0.200000 -1.000000 -1.000000 -1.000000
1.066667 -0.200000 -1.000000 -1.000000 -1.000000
1.155556 -0.200000 -1.000000 -1.000000 -1.000000
1.244444 -0.200000 -1.000000 -1.000000 -1.000000
1.333333 -0.200000 -1.000000 -1.000000 -1.000000
1.422222 -0.200000 -1.000000 -1.000000 -1.000000
1.511111 -0.200000 -1.000000 -1.000000 -1.000000
1.600000 -0.200000 -1.000000 -1.000000 -1.000000
1.688889 -0.200000 -1.000000 -1.000000 -1.000000
1.777778 -0.200000 -1.000000 -1.000000 -1.000000
-1.777778 -0.250000 -1.000000 -1.000000 -1.000000
-1.688889 -0.250000 -1.000000 -1.000000 -1.000000
-1.600000 -0.250000 -1.000000 -1.000000 -1.000000
-1.511111 -0.250000 -1.000000 -1.000000 -1.000000
-1.422222 -0.250000 -1.000000 -1.000000 -1.000000
-1.333333 -0.250000 -1.000000 -1.000000 -1.000000
-1.244444 -0.250000 -1.000000 -1.000000 -1.000000
-1.155556 -0.250000 -1.000000 -1.000000 -1.000000
-1.066667 -0.250000 -1.000000 -1.000000 -1.000000
-0.977778 -0.250000 -1.000000 -1.000000 -1.000000
-0.888889 -0.250000 0.349056 0.554758 1.000000
-0.800000 -0.250000 0.373297 0.585012 1.000000
-0.711111 -0.250000 0.391741 0.603975 1.000000
-0.622222 -0.250000 0.407758 0.617692 1.000000
-0.533333 -0.250000 0.422427 0.628108 1.000000
-0.444444 -0.250000 0.436253 0.636133 1.000000
-0.355556 -0.250000 0.449524 0.642267 1.000000
-0.266667 -0.250000 0.462421 0.646807 1.000000
-0.177778 -0.250000 0.475072 0.649941 1.000000
-0.088889 -0.250000 0.487572 0.651780 1.000000
0.000000 -0.250000 0.500000 0.652387 1.000000
0.088889 -0.250000 0.512428 0.651780 1.000000
0.177778 -0.250000 0.524928 0.649941 1.000000
0.266667 -0.250000 0.537579 0.646807 1.000000
0.355556 -0.250000 0.550476 0.642267 1.000000
0.444444 -0.250000 0.563747 0.636133 1.000000
0.533333 -0.250000 0.577573 0.628108 1.000000
0.622222 -0.250000 0.592242 0.617692 1.000000
0.711111 -0.250000 0.608259 0.603975 1.000000
0.800000 -0.250000 0.626703 0.585012 1.000000
0.888889 -0.250000 0.650944 0.554758 1.000000
0.977778 -0.250000 -1.000000 -1.000000 -1.000000
1.066667 -0.250000 -1.000000 -1.000000 -1.000000
1.155556 -0.250000 -1.000000 -1.000000 -1.000000
1.244444 -0.250000 -1.000000 -1.000000 -1.000000
1.333333 -0.250000 -1.000000 -1.000000 -1.000000
1.422222 -0.250000 -1.000000 -1.000000 -1.000000
1.511111 -0.250000 -1.000000 -1.000000 -1.000000
1.600000 -0.250000 -1.000000 -1.000000 -1.000000
1.688889 -0.250000 -1.000000 -1.000000 -1.000000
1.777778 -0.250000 -1.000000 -1.000000 -1.000000
-1.777778 -0.300000 -1.000000 -1.000000 -1.000000
-1.688889 -0.300000 -1.000000 -1.000000 -1.000000
-1.600000 -0.300000 -1.000000 -1.000000 -1.000000
-1.511111 -0.300000 -1.000000 -1.000000 -1.000000
-1.422222 -0.300000 -1.000000 -1.000000 -1.000000
-1.333333 -0.300000 -1.000000 -1.000000 -1.000000
-1.244444 -0.300000 -1.000000 -1.000000 -1.000000
-1.155556 -0.300000 -1.000000 -1.000000 -1.000000
-1.066667 -0.300000 -1.000000 -1.000000 -1.000000
-0.977778 -0.300000 -1.000000 -1.000000 -1.000000
-0.888889 -0.300000 0.348455 0.535442 1.000000
-0.800000 -0.300000 0.374176 0.569360 1.000000
-0.711111 -0.300000 0.392893 0.589499 1.000000
-0.622222 -0.300000 0.408929 0.603813 1.000000
-0.533333 -0.300000 0.423515 0.614585 1.000000
-0.444444 -0.300000 0.437208 0.622837 1.000000
-0.355556 -0.300000 0.450314 0.629120 1.000000
-0.266667 -0.300000 0.463028 0.633760 1.000000
-0.177778 -0.300000 0.475482 0.636956 1.000000
-0.088889 -0.300000 0.487779 0.638830 1.000000
0.000000 -0.300000 0.500000 0.639448 1.000000
0.088889 -0.300000 0.512221 0.638830 1.000000
0.177778 -0.300000 0.524518 0.636956 1.000000
0.266667 -0.300000 0.536972 0.633760 1.000000
0.355556 -0.300000 0.549686 0.629120 1.000000
0.444444 -0.300000 0.562792 0.622837 1.000000
0.533333 -0.300000 0.576485 0.614585 1.000000
0.622222 -0.300000 0.591071 0.603813 1.000000
0.711111 -0.300000 0.607107 0.589499 1.000000
0.800000 -0.300000 0.625824 0.569360 1.000000
0.888889 -0.300000 0.651545 0.535442 1.000000
0.977778 -0.300000 -1.000000 -1.000000 -1.000000
1.066667 -0.300000 -1.000000 -1.000000 -1.000000
1.155556 -0.300000 -1.000000 -1.000000 -1.000000
1.244444 -0.300000 -1.000000 -1.000000 -1.000000
1.333333 -0.300000 -1.000000 -1.000000 -1.000000
1.422222 -0.300000 -1.000000 -1.000000 -1.000000
1.511111 -0.300000 -1.000000 -1.000000 -1.000000
1.600000 -0.300000 -1.000000 -1.000000 -1.000000
1.688889 -0.300000 -1.000000 -1.000000 -1.000000
1.777778 -0.300000 -1.000000 -1.000000 -1.000000
-1.777778 -0.350000 -1.000000 -1.000000 -1.000000
-1.688889 -0.350000 -1.000000 -1.000000 -1.000000
-1.600000 -0.350000 -1.000000 -1.000000 -1.000000
-1.511111 -0.350000 -1.000000 -1.000000 -1.000000
-1.422222 -0.350000 -1.000000 -1.000000 -1.000000
-1.333333 -0.350000 -1.000000 -1.000000 -1.000000
-1.244444 -0.350000 -1.000000 -1.000000 -1.000000
-1.155556 -0.350000 -1.000000 -1.000000 -1.000000
-1.066667 -0.350000 -1.000000 -1.000000 -1.000000
-0.977778 -0.350000 -1.000000 -1.000000 -1.000000
-0.888889 -0.350000 0.345937 0.512146 1.000000
-0.800000 -0.350000 0.374456 0.552430 1.000000
-0.711111 -0.350000 0.393665 0.574224 1.000000
-0.622222 -0.350000 0.409818 0.589344 1.000000
-0.533333 -0.350000 0.424385 0.600589 1.000000
-0.444444 -0.350000 0.437991 0.609144 1.000000
-0.355556 -0.350000 0.450973 0.615628 1.000000
-0.266667 -0.350000 0.463538 0.620401 1.000000
-0.177778 -0.350000 0.475830 0.623683 1.000000
-0.088889 -0.350000 0.487954 0.625604 1.000000
0.000000 -0.350000 0.500000 0.626238 1.000000
0.088889 -0.350000 0.512046 0.625604 1.000000
0.177778 -0.350000 0.524170 0.623683 1.000000
0.266667 -0.350000 0.536462 0.620401 1.000000
0.355556 -0.350000 0.549027 0.615628 1.000000
0.444444 -0.350000 0.562009 0.609144 1.000000
0.533333 -0.350000 0.575615 0.600589 1.000000
0.622222 -0.350000 0.590182 0.589344 1.000000
0.711111 -0.350000 0.606335 0.574224 1.000000
0.800000 -0.350000 0.625544 0.552430 1.000000
0.888889 -0.350000 0.654063 0.512146 1.000000
0.977778 -0.350000 -1.000000 -1.000000 -1.000000
1.066667 -0.350000 -1.000000 -1.000000 -1.000000
1.155556 -0.350000 -1.000000 -1.000000 -1.000000
1.244444 -0.350000 -1.000000 -1.000000 -1.000000
1.333333 -0.350000 -1.000000 -1.000000 -1.000000
1.422222 -0.350000 -1.000000 -1.000000 -1.000000
1.511111 -0.350000 -1.000000 -1.000000 -1.000000
1.600000 -0.350000 -1.000000 -1.000000 -1.000000
1.688889 -0.350000 -1.000000 -1.000000 -1.000000
1.777778 -0.350000 -1.000000 -1.000000 -1.000000
-1.777778 -0.400000 -1.000000 -1.000000 -1.000000
-1.688889 -0.400000 -1.000000 -1.000000 -1.000000
-1.600000 -0.400000 -1.000000 -1.000000 -1.000000
-1.511111 -0.400000 -1.000000 -1.000000 -1.000000
-1.422222 -0.400000 -1.000000 -1.000000 -1.000000
-1.333333 -0.400000 -1.000000 -1.000000 -1.000000
-1.244444 -0.400000 -1.000000 -1.000000 -1.000000
-1.155556 -0.400000 -1.000000 -1.000000 -1.000000
-1.066667 -0.400000 -1.000000 -1.000000 -1.000000
-0.977778 -0.400000 -1.000000 -1.000000 -1.000000
-0.888889 -0.400000 0.338129 0.477921 1.000000
-0.800000 -0.400000 0.373987 0.533752 1.000000
-0.711111 -0.400000 0.394016 0.557939 1.000000
-0.622222 -0.400000 0.410413 0.574149 1.000000
-0.533333 -0.400000 0.425033 0.586018 1.000000
-0.444444 -0.400000 0.438603 0.594968 1.000000
-0.355556 -0.400000 0.451501 0.601714 1.000000
-0.266667 -0.400000 0.463954 0.606661 1.000000
-0.177778 -0.400000 0.476115 0.610054 1.000000
-0.088889 -0.400000 0.488100 0.612038 1.000000
0.000000 -0.400000 0.500000 0.612691 1.000000
0.088889 -0.400000 0.511900 0.612038 1.000000
0.177778 -0.400000 0.523885 0.610054 1.000000
0.266667 -0.400000 0.536046 0.606661 1.000000
0.355556 -0.400000 0.548499 0.601714 1.000000
0.444444 -0.400000 0.561397 0.594968 1.000000
0.533333 -0.400000 0.574967 0.586018 1.000000
0.622222 -0.400000 0.589587 0.574149 1.000000
0.711111 -0.400000 0.605984 0.557939 1.000000
0.800000 -0.400000 0.626013 0.533752 1.000000
0.888889 -0.400000 0.661871 0.477921 1.000000
0.977778 -0.400000 -1.000000 -1.000000 -1.000000
1.066667 -0.400000 -1.000000 -1.000000 -1.000000
1.155556 -0.400000 -1.000000 -1.000000 -1.000000
1.244444 -0.400000 -1.000000 -1.000000 -1.000000
1.333333 -0.400000 -1.000000 -1.000000 -1.000000
1.422222 -0.400000 -1.000000 -1.000000 -1.000000
1.511111 -0.400000 -1.000000 -1.000000 -1.000000
1.600000 -0.400000 -1.000000 -1.000000 -1.000000
1.688889 -0.400000 -1.000000 -1.000000 -1.000000
1.777778 -0.400000 -1.000000 -1.000000 -1.000000
-1.777778 -0.450000 -1.000000 -1.000000 -1.000000
-1.688889 -0.450000 -1.000000 -1.000000 -1.000000
-1.600000 -0.450000 -1.000000 -1.000000 -1.000000
-1.511111 -0.450000 -1.000000 -1.000000 -1.000000
-1.422222 -0.450000 -1.000000 -1.000000 -1.000000
-1.333333 -0.450000 -1.000000 -1.000000 -1.000000
-1.244444 -0.450000 -1.000000 -1.000000 -1.000000
-1.155556 -0.450000 -1.000000 -1.000000 -1.000000
-1.066667 -0.450000 -1.000000 -1.000000 -1.000000
-0.977778 -0.450000 -1.000000 -1.000000 -1.000000
-0.888889 -0.450000 -1.000000 -1.000000 -1.000000
-0.800000 -0.450000 0.372465 0.512469 1.000000
-0.711111 -0.450000 0.393871 0.540335 1.000000
-0.622222 -0.450000 0.410684 0.558043 1.000000
-0.533333 -0.450000 0.425445 0.570739 1.000000
-0.444444 -0.450000 0.439039 0.580202 1.000000
-0.355556 -0.450000 0.451897 0.587284 1.000000
-0.266667 -0.450000 0.464275 0.592455 1.000000
-0.177778 -0.450000 0.476340 0.595990 1.000000
-0.088889 -0.450000 0.488215 0.598054 1.000000
0.000000 -0.450000 0.500000 0.598733 1.000000
0.088889 -0.450000 0.511785 0.598054 1.000000
0.177778 -0.450000 0.523660 0.595990 1.000000
0.266667 -0.450000 0.535725 0.592455 1.000000
0.355556 -0.450000 0.548103 0.587284 1.000000
0.444444 -0.450000 0.560961 0.580202 1.000000
0.533333 -0.450000 0.574555 0.570739 1.000000
0.622222 -0.450000 0.589316 0.558043 1.000000
0.711111 -0.450000 0.606129 0.540335 1.000000
0.800000 -0.450000 0.627535 0.512469 1.000000
0.888889 -0.450000 -1.000000 -1.000000 -1.000000
0.977778 -0.450000 -1.000000 -1.000000 -1.000000
1.066667 -0.450000 -1.000000 -1.000000 -1.000000
1.155556 -0.450000 -1.000000 -1.000000 -1.000000
1.244444 -0.450000 -1.000000 -1.000000 -1.000000
1.333333 -0.450000 -1.000000 -1.000000 -1.000000
1.422222 -0.450000 -1.000000 -1.000000 -1.000000
1.511111 -0.450000 -1.000000 -1.000000 -1.000000
1.600000 -0.450000 -1.000000 -1.000000 -1.000000
1.688889 -0.450000 -1.000000 -1.000000 -1.000000
1.777778 -0.450000 -1.000000 -1.000000 -1.000000
-1.777778 -0.500000 -1.000000 -1.000000 -1.000000
-1.688889 -0.500000 -1.000000 -1.000000 -1.000000
-1.600000 -0.500000 -1.000000 -1.000000 -1.000000
-1.511111 -0.500000 -1.000000 -1.000000 -1.000000
-1.422222 -0.500000 -1.000000 -1.000000 -1.000000
-1.333333 -0.500000 -1.000000 -1.000000 -1.000000
-1.244444 -0.500000 -1.000000 -1.000000 -1.000000
-1.155556 -0.500000 -1.000000 -1.000000 -1.000000
-1.066667 -0.500000 -1.000000 -1.000000 -1.000000
-0.977778 -0.500000 -1.000000 -1.000000 -1.000000
-0.888889 -0.500000 -1.000000 -1.000000 -1.000000
-0.800000 -0.500000 0.369138 0.486655 1.000000
-0.711111 -0.500000 0.393091 0.520921 1.000000
-0.622222 -0.500000 0.410579 0.540767 1.000000
-0.533333 -0.500000 0.425599 0.554571 1.000000
-0.444444 -0.500000 0.439286 0.564706 1.000000
-0.355556 -0.500000 0.452155 0.572222 1.000000
-0.266667 -0.500000 0.464498 0.577677 1.000000
-0.177778 -0.500000 0.476501 0.581394 1.000000
-0.088889 -0.500000 0.488299 0.583559 1.000000
0.000000 -0.500000 0.500000 0.584270 1.000000
0.088889 -0.500000 0.511701 0.583559 1.000000
0.177778 -0.500000 0.523499 0.581394 1.000000
0.266667 -0.500000 0.535502 0.577677 1.000000
0.355556 -0.500000 0.547845 0.572222 1.000000
0.444444 -0.500000 0.560714 0.564706 1.000000
0.533333 -0.500000 0.574401 0.554571 1.000000
0.622222 -0.500000 0.589421 0.540767 1.000000
0.711111 -0.500000 0.606909 0.520921 1.000000
0.800000 -0.500000 0.630862 0.486655 1.000000
0.888889 -0.500000 -1.000000 -1.000000 -1.000000
0.977778 -0.500000 -1.000000 -1.000000 -1.000000
1.066667 -0.500000 -1.000000 -1.000000 -1.000000
1.155556 -0.500000 -1.000000 -1.000000 -1.000000
1.244444 -0.500000 -1.000000 -1.000000 -1.000000
1.333333 -0.500000 -1.000000 -1.000000 -1.000000
1.422222 -0.500000 -1.000000 -1.000000 -1.000000
1.511111 -0.500000 -1.000000 -1.000000 -1.000000
1.600000 -0.500000 -1.000000 -1.000000 -1.000000
1.688889 -0.500000 -1.000000 -1.000000 -1.000000
1.777778 -0.500000 -1.000000 -1.000000 -1.000000
-1.777778 -0.550000 -1.000000 -1.000000 -1.000000
-1.688889 -0.550000 -1.000000 -1.000000 -1.000000
-1.600000 -0.550000 -1.000000 -1.000000 -1.000000
-1.511111 -0.550000 -1.000000 -1.000000 -1.000000
-1.422222 -0.550000 -1.000000 -1.000000 -1.000000
-1.333333 -0.550000 -1.000000 -1.000000 -1.000000
-1.244444 -0.550000 -1.000000 -1.000000 -1.000000
-1.155556 -0.550000 -1.000000 -1.000000 -1.000000
-1.066667 -0.550000 -1.000000 -1.000000 -1.000000
-0.977778 -0.550000 -1.000000 -1.000000 -1.000000
-0.888889 -0.550000 -1.000000 -1.000000 -1.000000
-0.800000 -0.550000 0.360825 0.448774 1.000000
-0.711111 -0.550000 0.391407 0.498824 1.000000
-0.622222 -0.550000 0.410009 0.521926 1.000000
-0.533333 -0.550000 0.425452 0.537267 1.000000
-0.444444 -0.550000 0.439322 0.548293 1.000000
-0.355556 -0.550000 0.452263 0.556373 1.000000
-0.266667 -0.550000 0.464616 0.562195 1.000000
-0.177778 -0.550000 0.476595 0.566143 1.000000
-0.088889 -0.550000 0.488350 0.568436 1.000000
0.000000 -0.550000 0.500000 0.569189 1.000000
0.088889 -0.550000 0.511650 0.568436 1.000000
0.177778 -0.550000 0.523405 0.566143 1.000000
0.266667 -0.550000 0.535384 0.562195 1.000000
0.355556 -0.550000 0.547737 0.556373 1.000000
0.444444 -0.550000 0.560678 0.548293 1.000000
0.533333 -0.550000 0.574548 0.537267 1.000000
0.622222 -0.550000 0.589991 0.521926 1.000000
0.711111 -0.550000 0.608593 0.498824 1.000000
0.800000 -0.550000 0.639175 0.448774 1.000000
0.888889 -0.550000 -1.000000 -1.000000 -1.000000
0.977778 -0.550000 -1.000000 -1.000000 -1.000000
1.066667 -0.550000 -1.000000 -1.000000 -1.000000
1.155556 -0.550000 -1.000000 -1.000000 -1.000000
1.244444 -0.550000 -1.000000 -1.000000 -1.000000
1.333333 -0.550000 -1.000000 -1.000000 -1.000000
1.422222 -0.550000 -1.000000 -1.000000 -1.000000
1.511111 -0.550000 -1.000000 -1.000000 -1.000000
1.600000 -0.550000 -1.000000 -1.000000 -1.000000
1.688889 -0.550000 -1.000000 -1.000000 -1.000000
1.777778 -0.550000 -1.000000 -1.000000 -1.000000
-1.777778 -0.600000 -1.000000 -1.000000 -1.000000
-1.688889 -0.600000 -1.000000 -1.000000 -1.000000
-1.600000 -0.600000 -1.000000 -1.000000 -1.000000
-1.511111 -0.600000 -1.000000 -1.000000 -1.000000
-1.422222 -0.600000 -1.000000 -1.000000 -1.000000
-1.333333 -0.600000 -1.000000 -1.000000 -1.000000
-1.244444 -0.600000 -1.000000 -1.000000 -1.000000
-1.155556 -0.600000 -1.000000 -1.000000 -1.000000
-1.066667 -0.600000 -1.000000 -1.000000 -1.000000
-0.977778 -0.600000 -1.000000 -1.000000 -1.000000
-0.888889 -0.600000 -1.000000 -1.000000 -1.000000
-0.800000 -0.600000 -1.000000 -1.000000 -1.000000
-0.711111 -0.600000 0.388181 0.472162 1.000000
-0.622222 -0.600000 0.408807 0.500875 1.000000
-0.533333 -0.600000 0.424934 0.518458 1.000000
-0.444444 -0.600000 0.439111 0.530706 1.000000
-0.355556 -0.600000 0.452199 0.539534 1.000000
-0.266667 -0.600000 0.464617 0.545833 1.000000
-0.177778 -0.600000 0.476616 0.550079 1.000000
-0.088889 -0.600000 0.488366 0.552536 1.000000
0.000000 -0.600000 0.500000 0.553341 1.000000
0.088889 -0.600000 0.511634 0.552536 1.000000
0.177778 -0.600000 0.523384 0.550079 1.000000
0.266667 -0.600000 0.535383 0.545833 1.000000
0.355556 -0.600000 0.547801 0.539534 1.000000
0.444444 -0.600000 0.560889 0.530706 1.000000
0.533333 -0.600000 0.575066 0.518458 1.000000
0.622222 -0.600000 0.591193 0.500875 1.000000
0.711111 -0.600000 0.611819 0.472162 1.000000
0.800000 -0.600000 -1.000000 -1.000000 -1.000000
0.888889 -0.600000 -1.000000 -1.000000 -1.000000
0.977778 -0.600000 -1.000000 -1.000000 -1.000000
1.066667 -0.600000 -1.000000 -1.000000 -1.000000
1.155556 -0.600000 -1.000000 -1.000000 -1.000000
1.244444 -0.600000 -1.000000 -1.000000 -1.000000
1.333333 -0.600000 -1.000000 -1.000000 -1.000000
1.422222 -0.600000 -1.000000 -1.000000 -1.000000
1.511111 -0.600000 -1.000000 -1.000000 -1.000000
1.600000 -0.600000 -1.000000 -1.000000 -1.000000
1.688889 -0.600000 -1.000000 -1.000000 -1.000000
1.777778 -0.600000 -1.000000 -1.000000 -1.000000
-1.777778 -0.650000 -1.000000 -1.000000 -1.000000
-1.688889 -0.650000 -1.000000 -1.000000 -1.000000
-1.600000 -0.650000 -1.000000 -1.000000 -1.000000
-1.511111 -0.650000 -1.000000 -1.000000 -1.000000
-1.422222 -0.650000 -1.000000 -1.000000 -1.000000
-1.333333 -0.650000 -1.000000 -1.000000 -1.000000
-1.244444 -0.650000 -1.000000 -1.000000 -1.000000
-1.155556 -0.650000 -1.000000 -1.000000 -1.000000
-1.066667 -0.650000 -1.000000 -1.000000 -1.000000
-0.977778 -0.650000 -1.000000 -1.000000 -1.000000
-0.888889 -0.650000 -1.000000 -1.000000 -1.000000
-0.800000 -0.650000 -1.000000 -1.000000 -1.000000
-0.711111 -0.650000 0.381097 0.434578 1.000000
-0.622222 -0.650000 0.406638 0.476402 1.000000
-0.533333 -0.650000 0.423919 0.497556 1.000000
-0.444444 -0.650000 0.438591 0.511560 1.000000
-0.355556 -0.650000 0.451929 0.521414 1.000000
-0.266667 -0.650000 0.464481 0.528350 1.000000
-0.177778 -0.650000 0.476552 0.532987 1.000000
-0.088889 -0.650000 0.488342 0.535658 1.000000
0.000000 -0.650000 0.500000 0.536532 1.000000
0.088889 -0.650000 0.511658 0.535658 1.000000
0.177778 -0.650000 0.523448 0.532987 1.000000
0.266667 -0.650000 0.535519 0.528350 1.000000
0.355556 -0.650000 0.548071 0.521414 1.000000
0.444444 -0.650000 0.561409 0.511560 1.000000
0.533333 -0.650000 0.576081 0.497556 1.000000
0.622222 -0.650000 0.593362 0.476402 1.000000
0.711111 -0.650000 0.618903 0.434578 1.000000
0.800000 -0.650000 -1.000000 -1.000000 -1.000000
0.888889 -0.650000 -1.000000 -1.000000 -1.000000
0.977778 -0.650000 -1.000000 -1.000000 -1.000000
1.066667 -0.650000 -1.000000 -1.000000 -1.000000
1.155556 -0.650000 -1.000000 -1.000000 -1.000000
1.244444 -0.650000 -1.000000 -1.000000 -1.000000
1.333333 -0.650000 -1.000000 -1.000000 -1.000000
1.422222 -0.650000 -1.000000 -1.000000 -1.000000
1.511111 -0.650000 -1.000000 -1.000000 -1.000000
1.600000 -0.650000 -1.000000 -1.000000 -1.000000
1.688889 -0.650000 -1.000000 -1.000000 -1.000000
1.777778 -0.650000 -1.000000 -1.000000 -1.000000
-1.777778 -0.700000 -1.000000 -1.000000 -1.000000
-1.688889 -0.700000 -1.000000 -1.000000 -1.000000
-1.600000 -0.700000 -1.000000 -1.000000 -1.000000
-1.511111 -0.700000 -1.000000 -1.000000 -1.000000
-1.422222 -0.700000 -1.000000 -1.000000 -1.000000
-1.333333 -0.700000 -1.000000 -1.000000 -1.000000
-1.244444 -0.700000 -1.000000 -1.000000 -1.000000
-1.155556 -0.700000 -1.000000 -1.000000 -1.000000
-1.066667 -0.700000 -1.000000 -1.000000 -1.000000
-0.977778 -0.700000 -1.000000 -1.000000 -1.000000
-0.888889 -0.700000 -1.000000 -1.000000 -1.000000
-0.800000 -0.700000 -1.000000 -1.000000 -1.000000
-0.711111 -0.700000 -1.000000 -1.000000 -1.000000
-0.622222 -0.700000 0.402622 0.445586 1.000000
-0.533333 -0.700000 0.422163 0.473505 1.000000
-0.444444 -0.700000 0.437655 0.490245 1.000000
-0.355556 -0.700000 0.451397 0.501579 1.000000
-0.266667 -0.700000 0.464176 0.509398 1.000000
-0.177778 -0.700000 0.476386 0.514566 1.000000
-0.088889 -0.700000 0.488268 0.517524 1.000000
0.000000 -0.700000 0.500000 0.518488 1.000000
0.088889 -0.700000 0.511732 0.517524 1.000000
0.177778 -0.700000 0.523614 0.514566 1.000000
0.266667 -0.700000 0.535824 0.509398 1.000000
0.355556 -0.700000 0.548603 0.501579 1.000000
0.444444 -0.700000 0.562345 0.490245 1.000000
0.533333 -0.700000 0.577837 0.473505 1.000000
0.622222 -0.700000 0.597378 0.445586 1.000000
0.711111 -0.700000 -1.000000 -1.000000 -1.000000
0.800000 -0.700000 -1.000000 -1.000000 -1.000000
0.888889 -0.700000 -1.000000 -1.000000 -1.000000
0.977778 -0.700000 -1.000000 -1.000000 -1.000000
1.066667 -0.700000 -1.000000 -1.000000 -1.000000
1.155556 -0.700000 -1.000000 -1.000000 -1.000000
1.244444 -0.700000 -1.000000 -1.000000 -1.000000
1.333333 -0.700000 -1.000000 -1.000000 -1.000000
1.422222 -0.700000 -1.000000 -1.000000 -1.000000
1.511111 -0.700000 -1.000000 -1.000000 -1.000000
1.600000 -0.700000 -1.000000 -1.000000 -1.000000
1.688889 -0.700000 -1.000000 -1.000000 -1.000000
1.777778 -0.700000 -1.000000 -1.000000 -1.000000
-1.777778 -0.750000 -1.000000 -1.000000 -1.000000
-1.688889 -0.750000 -1.000000 -1.000000 -1.000000
-1.600000 -0.750000 -1.000000 -1.000000 -1.000000
-1.511111 -0.750000 -1.000000 -1.000000 -1.000000
-1.422222 -0.750000 -1.000000 -1.000000 -1.000000
-1.333333 -0.750000 -1.000000 -1.000000 -1.000000
-1.244444 -0.750000 -1.000000 -1.000000 -1.000000
-1.155556 -0.750000 -1.000000 -1.000000 -1.000000
-1.066667 -0.750000 -1.000000 -1.000000 -1.000000
-0.977778 -0.750000 -1.000000 -1.000000 -1.000000
-0.888889 -0.750000 -1.000000 -1.000000 -1.000000
-0.800000 -0.750000 -1.000000 -1.000000 -1.000000
-0.711111 -0.750000 -1.000000 -1.000000 -1.000000
-0.622222 -0.750000 0.391827 0.393404 1.000000
-0.533333 -0.750000 0.419084 0.443981 1.000000
-0.444444 -0.750000 0.436090 0.465664 1.000000
-0.355556 -0.750000 0.450500 0.479319 1.000000
-0.266667 -0.750000 0.463647 0.488438 1.000000
-0.177778 -0.750000 0.476087 0.494361 1.000000
-0.088889 -0.750000 0.488133 0.497719 1.000000
0.000000 -0.750000 0.500000 0.498809 1.000000
0.088889 -0.750000 0.511867 0.497719 1.000000
0.177778 -0.750000 0.523913 0.494361 1.000000
0.266667 -0.750000 0.536353 0.488438 1.000000
0.355556 -0.750000 0.549500 0.479319 1.000000
0.444444 -0.750000 0.563910 0.465664 1.000000
0.533333 -0.750000 0.580916 0.443981 1.000000
0.622222 -0.750000 0.608173 0.393404 1.000000
0.711111 -0.750000 -1.000000 -1.000000 -1.000000
0.800000 -0.750000 -1.000000 -1.000000 -1.000000
0.888889 -0.750000 -1.000000 -1.000000 -1.000000
0.977778 -0.750000 -1.000000 -1.000000 -1.000000
1.066667 -0.750000 -1.000000 -1.000000 -1.000000
1.155556 -0.750000 -1.000000 -1.000000 -1.000000
1.244444 -0.750000 -1.000000 -1.000000 -1.000000
1.333333 -0.750000 -1.000000 -1.000000 -1.000000
1.422222 -0.750000 -1.000000 -1.000000 -1.000000
1.511111 -0.750000 -1.000000 -1.000000 -1.000000
1.600000 -0.750000 -1.000000 -1.000000 -1.000000
1.688889 -0.750000 -1.000000 -1.000000 -1.000000
1.777778 -0.750000 -1.000000 -1.000000 -1.000000
-1.777778 -0.800000 -1.000000 -1.000000 -1.000000
-1.688889 -0.800000 -1.000000 -1.000000 -1.000000
-1.600000 -0.800000 -1.000000 -1.000000 -1.000000
-1.511111 -0.800000 -1.000000 -1.000000 -1.000000
-1.422222 -0.800000 -1.000000 -1.000000 -1.000000
-1.333333 -0.800000 -1.000000 -1.000000 -1.000000
-1.244444 -0.800000 -1.000000 -1.000000 -1.000000
-1.155556 -0.800000 -1.000000 -1.000000 -1.000000
-1.066667 -0.800000 -1.000000 -1.000000 -1.000000
-0.977778 -0.800000 -1.000000 -1.000000 -1.000000
-0.888889 -0.800000 -1.000000 -1.000000 -1.000000
-0.800000 -0.800000 -1.000000 -1.000000 -1.000000
-0.711111 -0.800000 -1.000000 -1.000000 -1.000000
-0.622222 -0.800000 -1.000000 -1.000000 -1.000000
-0.533333 -0.800000 0.412442 0.400749 1.000000
-0.444444 -0.800000 0.433399 0.435413 1.000000
-0.355556 -0.800000 0.449033 0.453319 1.000000
-0.266667 -0.800000 0.462790 0.464550 1.000000
-0.177778 -0.800000 0.475602 0.471631 1.000000
-0.088889 -0.800000 0.487912 0.475585 1.000000
0.000000 -0.800000 0.500000 0.476860 1.000000
0.088889 -0.800000 0.512088 0.475585 1.000000
0.177778 -0.800000 0.524398 0.471631 1.000000
0.266667 -0.800000 0.537210 0.464550 1.000000
0.355556 -0.800000 0.550967 0.453319 1.000000
0.444444 -0.800000 0.566601 0.435413 1.000000
0.533333 -0.800000 0.587558 0.400749 1.000000
0.622222 -0.800000 -1.000000 -1.000000 -1.000000
0.711111 -0.800000 -1.000000 -1.000000 -1.000000
0.800000 -0.800000 -1.000000 -1.000000 -1.000000
0.888889 -0.800000 -1.000000 -1.000000 -1.000000
0.977778 -0.800000 -1.000000 -1.000000 -1.000000
1.066667 -0.800000 -1.000000 -1.000000 -1.000000
1.155556 -0.800000 -1.000000 -1.000000 -1.000000
1.244444 -0.800000 -1.000000 -1.000000 -1.000000
1.333333 -0.800000 -1.000000 -1.000000 -1.000000
1.422222 -0.800000 -1.000000 -1.000000 -1.000000
1.511111 -0.800000 -1.000000 -1.000000 -1.000000
1.600000 -0.800000 -1.000000 -1.000000 -1.000000
1.688889 -0.800000 -1.000000 -1.000000 -1.000000
1.777778 -0.800000 -1.000000 -1.000000 -1.000000
-1.777778 -0.850000 -1.000000 -1.000000 -1.000000
-1.688889 -0.850000 -1.000000 -1.000000 -1.000000
-1.600000 -0.850000 -1.000000 -1.000000 -1.000000
-1.511111 -0.850000 -1.000000 -1.000000 -1.000000
-1.422222 -0.850000 -1.000000 -1.000000 -1.000000
-1.333333 -0.850000 -1.000000 -1.000000 -1.000000
-1.244444 -0.850000 -1.000000 -1.000000 -1.000000
-1.155556 -0.850000 -1.000000 -1.000000 -1.000000
-1.066667 -0.850000 -1.000000 -1.000000 -1.000000
-0.977778 -0.850000 -1.000000 -1.000000 -1.000000
-0.888889 -0.850000 -1.000000 -1.000000 -1.000000
-0.800000 -0.850000 -1.000000 -1.000000 -1.000000
-0.711111 -0.850000 -1.000000 -1.000000 -1.000000
-0.622222 -0.850000 -1.000000 -1.000000 -1.000000
-0.533333 -0.850000 -1.000000 -1.000000 -1.000000
-0.444444 -0.850000 0.427686 0.391111 1.000000
-0.355556 -0.850000 0.446478 0.420507 1.000000
-0.266667 -0.850000 0.461383 0.435888 1.000000
-0.177778 -0.850000 0.474824 0.444998 1.000000
-0.088889 -0.850000 0.487561 0.449942 1.000000
0.000000 -0.850000 0.500000 0.451517 1.000000
0.088889 -0.850000 0.512439 0.449942 1.000000
0.177778 -0.850000 0.525176 0.444998 1.000000
0.266667 -0.850000 0.538617 0.435888 1.000000
0.355556 -0.850000 0.553522 0.420507 1.000000
0.444444 -0.850000 0.572314 0.391111 1.000000
0.533333 -0.850000 -1.000000 -1.000000 -1.000000
0.622222 -0.850000 -1.000000 -1.000000 -1.000000
0.711111 -0.850000 -1.000000 -1.000000 -1.000000
0.800000 -0.850000 -1.000000 -1.000000 -1.000000
0.888889 -0.850000 -1.000000 -1.000000 -1.000000
0.977778 -0.850000 -1.000000 -1.000000 -1.000000
1.066667 -0.850000 -1.000000 -1.000000 -1.000000
1.155556 -0.850000 -1.000000 -1.000000 -1.000000
1.244444 -0.850000 -1.000000 -1.000000 -1.000000
1.333333 -0.850000 -1.000000 -1.000000 -1.000000
1.422222 -0.850000 -1.000000 -1.000000 -1.000000
1.511111 -0.850000 -1.000000 -1.000000 -1.000000
1.600000 -0.850000 -1.000000 -1.000000 -1.000000
1.688889 -0.850000 -1.000000 -1.000000 -1.000000
1.777778 -0.850000 -1.000000 -1.000000 -1.000000
-1.777778 -0.900000 -1.000000 -1.000000 -1.000000
-1.688889 -0.900000 -1.000000 -1.000000 -1.000000
-1.600000 -0.900000 -1.000000 -1.000000 -1.000000
-1.511111 -0.900000 -1.000000 -1.000000 -1.000000
-1.422222 -0.900000 -1.000000 -1.000000 -1.000000
-1.333333 -0.900000 -1.000000 -1.000000 -1.000000
-1.244444 -0.900000 -1.000000 -1.000000 -1.000000
-1.155556 -0.900000 -1.000000 -1.000000 -1.000000
-1.066667 -0.900000 -1.000000 -1.000000 -1.000000
-0.977778 -0.900000 -1.000000 -1.000000 -1.000000
-0.888889 -0.900000 -1.000000 -1.000000 -1.000000
-0.800000 -0.900000 -1.000000 -1.000000 -1.000000
-0.711111 -0.900000 -1.000000 -1.000000 -1.000000
-0.622222 -0.900000 -1.000000 -1.000000 -1.000000
-0.533333 -0.900000 -1.000000 -1.000000 -1.000000
-0.444444 -0.900000 -1.000000 -1.000000 -1.000000
-0.355556 -0.900000 0.440375 0.367609 1.000000
-0.266667 -0.900000 0.458765 0.397389 1.000000
-0.177778 -0.900000 0.473482 0.411241 1.000000
-0.088889 -0.900000 0.486974 0.418216 1.000000
0.000000 -0.900000 0.500000 0.420379 1.000000
0.088889 -0.900000 0.513026 0.418216 1.000000
0.177778 -0.900000 0.526518 0.411241 1.000000
0.266667 -0.900000 0.541235 0.397389 1.000000
0.355556 -0.900000 0.559625 0.367609 1.000000
0.444444 -0.900000 -1.000000 -1.000000 -1.000000
0.533333 -0.900000 -1.000000 -1.000000 -1.000000
0.622222 -0.900000 -1.000000 -1.000000 -1.000000
0.711111 -0.900000 -1.000000 -1.000000 -1.000000
0.800000 -0.900000 -1.000000 -1.000000 -1.000000
0.888889 -0.900000 -1.000000 -1.000000 -1.000000
0.977778 -0.900000 -1.000000 -1.000000 -1.000000
1.066667 -0.900000 -1.000000 -1.000000 -1.000000
1.155556 -0.900000 -1.000000 -1.000000 -1.000000
1.244444 -0.900000 -1.000000 -1.000000 -1.000000
1.333333 -0.900000 -1.000000 -1.000000 -1.000000
1.422222 -0.900000 -1.000000 -1.000000 -1.000000
1.511111 -0.900000 -1.000000 -1.000000 -1.000000
1.600000 -0.900000 -1.000000 -1.000000 -1.000000
1.688889 -0.900000 -1.000000 -1.000000 -1.000000
1.777778 -0.900000 -1.000000 -1.000000 -1.000000
-1.777778 -0.950000 -1.000000 -1.000000 -1.000000
-1.688889 -0.950000 -1.000000 -1.000000 -1.000000
-1.600000 -0.950000 -1.000000 -1.000000 -1.000000
-1.511111 -0.950000 -1.000000 -1.000000 -1.000000
-1.422222 -0.950000 -1.000000 -1.000000 -1.000000
-1.333333 -0.950000 -1.000000 -1.000000 -1.000000
-1.244444 -0.950000 -1.000000 -1.000000 -1.000000
-1.155556 -0.950000 -1.000000 -1.000000 -1.000000
-1.066667 -0.950000 -1.000000 -1.000000 -1.000000
-0.977778 -0.950000 -1.000000 -1.000000 -1.000000
-0.888889 -0.950000 -1.000000 -1.000000 -1.000000
-0.800000 -0.950000 -1.000000 -1.000000 -1.000000
-0.711111 -0.950000 -1.000000 -1.000000 -1.000000
-0.622222 -0.950000 -1.000000 -1.000000 -1.000000
-0.533333 -0.950000 -1.000000 -1.000000 -1.000000
-0.444444 -0.950000 -1.000000 -1.000000 -1.000000
-0.355556 -0.950000 -1.000000 -1.000000 -1.000000
-0.266667 -0.950000 -1.000000 -1.000000 -1.000000
-0.177778 -0.950000 0.470292 0.356548 1.000000
-0.088889 -0.950000 0.485757 0.371706 1.000000
0.000000 -0.950000 0.500000 0.375780 1.000000
0.088889 -0.950000 0.514243 0.371706 1.000000
0.177778 -0.950000 0.529708 0.356548 1.000000
0.266667 -0.950000 -1.000000 -1.000000 -1.000000
0.355556 -0.950000 -1.000000 -1.000000 -1.000000
0.444444 -0.950000 -1.000000 -1.000000 -1.000000
0.533333 -0.950000 -1.000000 -1.000000 -1.000000
0.622222 -0.950000 -1.000000 -1.000000 -1.000000
0.711111 -0.950000 -1.000000 -1.000000 -1.000000
0.800000 -0.950000 -1.000000 -1.000000 -1.000000
0.888889 -0.950000 -1.000000 -1.000000 -1.000000
0.977778 -0.950000 -1.000000 -1.000000 -1.000000
1.066667 -0.950000 -1.000000 -1.000000 -1.000000
1.155556 -0.950000 -1.000000 -1.000000 -1.000000
1.244444 -0.950000 -1.000000 -1.000000 -1.000000
1.333333 -0.950000 -1.000000 -1.000000 -1.000000
1.422222 -0.950000 -1.000000 -1.000000 -1.000000
1.511111 -0.950000 -1.000000 -1.000000 -1.000000
1.600000 -0.950000 -1.000000 -1.000000 -1.000000
1.688889 -0.950000 -1.000000 -1.000000 -1.000000
1.777778 -0.950000 -1.000000 -1.000000 -1.000000
-1.777778 -1.000000 -1.000000 -1.000000 -1.000000
-1.688889 -1.000000 -1.000000 -1.000000 -1.000000
-1.600000 -1.000000 -1.000000 -1.000000 -1.000000
-1.511111 -1.000000 -1.000000 -1.000000 -1.000000
-1.422222 -1.000000 -1.000000 -1.000000 -1.000000
-1.333333 -1.000000 -1.000000 -1.000000 -1.000000
-1.244444 -1.000000 -1.000000 -1.000000 -1.000000
-1.155556 -1.000000 -1.000000 -1.000000 -1.000000
-1.066667 -1.000000 -1.000000 -1.000000 -1.000000
-0.977778 -1.000000 -1.000000 -1.000000 -1.000000
-0.888889 -1.000000 -1.000000 -1.000000 -1.000000
-0.800000 -1.000000 -1.000000 -1.000000 -1.000000
-0.711111 -1.000000 -1.000000 -1.000000 -1.000000
-0.622222 -1.000000 -1.000000 -1.000000 -1.000000
-0.533333 -1.000000 -1.000000 -1.000000 -1.000000
-0.444444 -1.000000 -1.000000 -1.000000 -1.000000
-0.355556 -1.000000 -1.000000 -1.000000 -1.000000
-0.266667 -1.000000 -1.000000 -1.000000 -1.000000
-0.177778 -1.000000 -1.000000 -1.000000 -1.000000
-0.088889 -1.000000 -1.000000 -1.000000 -1.000000
0.000000 -1.000000 -1.000000 -1.000000 -1.000000
0.088889 -1.000000 -1.000000 -1.000000 -1.000000
0.177778 -1.000000 -1.000000 -1.000000 -1.000000
0.266667 -1.000000 -1.000000 -1.000000 -1.000000
0.355556 -1.000000 -1.000000 -1.000000 -1.000000
0.444444 -1.000000 -1.000000 -1.000000 -1.000000
0.533333 -1.000000 -1.000000 -1.000000 -1.000000
0.622222 -1.000000 -1.000000 -1.000000 -1.000000
0.711111 -1.000000 -1.000000 -1.000000 -1.000000
0.800000 -1.000000 -1.000000 -1.000000 -1.000000
0.888889 -1.000000 -1.000000 -1.000000 -1.000000
0.977778 -1.000000 -1.000000 -1.000000 -1.000000
1.066667 -1.000000 -1.000000 -1.000000 -1.000000
1.155556 -1.000000 -1.000000 -1.000000 -1.000000
1.244444 -1.000000 -1.000000 -1.000000 -1.000000
1.333333 -1.000000 -1.000000 -1.000000 -1.000000
1.422222 -1.000000 -1.000000 -1.000000 -1.000000
1.511111 -1.000000 -1.000000 -1.000000 -1.000000
1.600000 -1.000000 -1.000000 -1.000000 -1.000000
1.688889 -1.000000 -1.000000 -1.000000 -1.000000
1.777778 -1.000000 -1.000000 -1.000000 -1.000000
